 4  1 1  115.0   92.8  46     010000    0    0    0    0    0    0    0    0
 5  1 1  192.0  163.9  91     6 9994    0    0    0    0    0    0    0    0
 5  2 1  206.0  149.9  34     010000    0    0    0    0    0    0    0    0
 6  1 1  288.0  254.1  39    26 9974    0    0    0    0    0    0    0    0
 6  2 1  306.0  240.4  73    19 9981    0    0    0    0    0    0    0    0
 6  3 1  325.0  221.3  27     010000    0    0    0    0    0    0    0    0
 7  1 1  403.0  365.2  48    60 9940    0    0    0    0    0    0    0    0
 7  2 1  426.0  348.9  32    71 9929    0    0    0    0    0    0    0    0
 7  3 1  448.0  329.7  62    52 9948    0    0    0    0    0    0    0    0
 7  4 1  471.0  305.9  22     010000    0    0    0    0    0    0    0    0
 8  1 1  538.0  491.6  22    94 9906    0    0    0    0    0    0    0    0
 8  2 1  565.0  480.1  43   109 9891    0    0    0    0    0    0    0    0
 8  3 1  592.0  456.2  27   129 9871    0    0    0    0    0    0    0    0
 8  4 1  618.0  432.2  53    96 9904    0    0    0    0    0    0    0    0
 8  5 1  645.0  404.9  18     010000    0    0    0    0    0    0    0    0
 9  1 1  694.0  635.0  17   133 9867    0    0    0    0    0    0    0    0
 9  2 1  724.0  624.7  19   152 9848    0    0    0    0    0    0    0    0
 9  3 1  754.0  605.3  38   176 9824    0    0    0    0    0    0    0    0
 9  4 1  785.0  573.9  23   208 9792    0    0    0    0    0    0    0    0
 9  5 1  815.0  546.0  47   154 9846    0    0    0    0    0    0    0    0
 9  6 1  846.0  517.1  16     010000    0    0    0    0    0    0    0    0
10  1 1  870.1  787.4   7   182 9818    0    0    0    0    0    0    0    0
10  2 1  903.0  783.7  15   204 9796    0    0    0    0    0    0    0    0
10  3 1  937.0  766.9  17   232 9768    0    0    0    0    0    0    0    0
10  4 1  971.0  740.5  33   268 9732    0    0    0    0    0    0    0    0
10  5 1 1005.0  700.7  21   312 9688    0    0    0    0    0    0    0    0
10  6 1 1039.0  670.1  42   229 9771    0    0    0    0    0    0    0    0
10  7 1 1074.0  642.6  14     010000    0    0    0    0    0    0    0    0
11  1 1 1075.0  953.6  10   260 6342 3398    0    0    0    0    0    0    0
11  1 2   67.0   25.3 160     1 9999    0    0    0    0    0    0    0    0
11  2 1 1101.0  948.4   4   263 9737    0    0    0    0    0    0    0    0
11  3 1 1139.0  941.8  14   296 9704    0    0    0    0    0    0    0    0
11  4 1 1177.0  917.8  15   338 9662    0    0    0    0    0    0    0    0
11  5 1 1215.0  883.7  30   393 9607    0    0    0    0    0    0    0    0
11  6 1 1253.0  834.4  18   466 9534    0    0    0    0    0    0    0    0
11  7 1 1291.0  802.6  36   352 9648    0    0    0    0    0    0    0    0
11  8 1 1329.0  781.4  12     010000    0    0    0    0    0    0    0    0
12  1 1 1308.0 1149.7   7     1  544 8645  810    0    0    0    0    0    0
12  1 2   92.0   27.7  87     010000    0    0    0    0    0    0    0    0
12  1 3   54.3   35.9  80    33 9967    0    0    0    0    0    0    0    0
12  1 4   54.0   35.6  81    33 9967    0    0    0    0    0    0    0    0
12  2 1 1333.0 1124.6   7   341 6100 3559    0    0    0    0    0    0    0
12  2 2  104.0   20.1 108     1 9999    0    0    0    0    0    0    0    0
12  3 1 1360.0 1118.2   3   346 9654    0    0    0    0    0    0    0    0
12  4 1 1402.0 1107.5  12   386 9614    0    0    0    0    0    0    0    0
12  5 1 1444.0 1076.8  13   436 9564    0    0    0    0    0    0    0    0
12  6 1 1486.0 1036.1  27   497 9503    0    0    0    0    0    0    0    0
12  7 1 1528.0  980.4  16   569 9431    0    0    0    0    0    0    0    0
12  8 1 1570.0  948.5  33   424 9576    0    0    0    0    0    0    0    0
12  9 1 1612.0  934.5  11     010000    0    0    0    0    0    0    0    0
13  1 1 1564.0 1373.3  -7     5  391 6272 3332    0    0    0    0    0    0
13  1 2  121.0   85.1 142     0  272 9728    0    0    0    0    0    0    0
13  1 3   77.4   58.2  72     5 9995    0    0    0    0    0    0    0    0
13  1 4   77.0   54.4  31    44 9956    0    0    0    0    0    0    0    0
13  2 1 1590.0 1342.5   4     2  643 9355    0    0    0    0    0    0    0
13  2 2  134.0   21.7  66     010000    0    0    0    0    0    0    0    0
13  2 3   90.4   48.4  60    64 9936    0    0    0    0    0    0    0    0
13  2 4   90.0   48.0  61    64 9936    0    0    0    0    0    0    0    0
13  3 1 1618.0 1309.4   2   389 9611    0    0    0    0    0    0    0    0
13  3 2  148.0   11.4  79     2 9998    0    0    0    0    0    0    0    0
13  4 1 1646.0 1302.9   2   397 9603    0    0    0    0    0    0    0    0
13  5 1 1692.0 1288.2  11   442 9558    0    0    0    0    0    0    0    0
13  6 1 1738.0 1250.7  12   499 9501    0    0    0    0    0    0    0    0
13  7 1 1784.0 1202.7  25   568 9432    0    0    0    0    0    0    0    0
13  8 1 1830.0 1138.5  15   650 9350    0    0    0    0    0    0    0    0
13  9 1 1876.0 1106.4  30   484 9516    0    0    0    0    0    0    0    0
13 10 1 1922.0 1100.9  10     010000    0    0    0    0    0    0    0    0
14  1 1 1844.0 1652.4  10    12  438  548 8643  359    0    0    0    0    0
14  1 2  154.0  112.7 156     0  304 9696    0    0    0    0    0    0    0
14  1 3  104.7   82.8  63     2 9998    0    0    0    0    0    0    0    0
14  1 4  104.0   77.9  70    39 9961    0    0    0    0    0    0    0    0
14  2 1 1872.0 1591.0   7     7  442 6460 3091    0    0    0    0    0    0
14  2 2  169.0   93.0 113     0  333 9667    0    0    0    0    0    0    0
14  2 3  118.6   75.4  68     7 9993    0    0    0    0    0    0    0    0
14  2 4  118.0   69.8 122    59 9941    0    0    0    0    0    0    0    0
14  3 1 1901.0 1583.1  -1     3  775 9222    0    0    0    0    0    0    0
14  3 2  183.0   12.4  54     010000    0    0    0    0    0    0    0    0
14  3 3  133.6   61.0  48    81 9919    0    0    0    0    0    0    0    0
14  3 4  133.0   60.4  48    81 9919    0    0    0    0    0    0    0    0
14  4 1 1930.0 1510.9   1   442 9558    0    0    0    0    0    0    0    0
14  5 1 1959.0 1501.3   1   449 9551    0    0    0    0    0    0    0    0
14  6 1 2009.0 1482.2  11   507 9493    0    0    0    0    0    0    0    0
14  7 1 2059.0 1436.4  12   586 9414    0    0    0    0    0    0    0    0
14  8 1 2109.0 1375.9  23   699 9301    0    0    0    0    0    0    0    0
14  9 1 2160.0 1288.1  13   890 9110    0    0    0    0    0    0    0    0
14 10 1 2210.0 1249.4  23   768 9232    0    0    0    0    0    0    0    0
14 11 1 2260.0 1281.5   9     010000    0    0    0    0    0    0    0    0
15  1 1 2148.0 1920.8  14    23  603  692 6022 2660    0    0    0    0    0
15  1 2  191.0  143.9 142     1  307 9692    0    0    0    0    0    0    0
15  1 3  134.9  111.5  87     2 9998    0    0    0    0    0    0    0    0
15  1 4  134.0  109.6  78     8 9992    0    0    0    0    0    0    0    0
15  2 1 2178.0 1871.1   8    18  605  643 8395  339    0    0    0    0    0
15  2 2  207.0  123.2 129     1  311 9688    0    0    0    0    0    0    0
15  2 3  150.9  103.5  50     3 9997    0    0    0    0    0    0    0    0
15  2 4  150.0   96.5  56    56 9944    0    0    0    0    0    0    0    0
15  3 1 2208.0 1797.8   4    12  614 6960 2414    0    0    0    0    0    0
15  3 2  223.0   96.4  94     0  396 9604    0    0    0    0    0    0    0
15  3 3  166.9   92.3  56    11 9989    0    0    0    0    0    0    0    0
15  3 4  166.0   85.0 105    82 9918    0    0    0    0    0    0    0    0
15  4 1 2238.0 1782.8  -2     7 1019 8974    0    0    0    0    0    0    0
15  4 2  239.0  129.4  31     1 9999    0    0    0    0    0    0    0    0
15  4 3  183.9   74.0  40   108 9892    0    0    0    0    0    0    0    0
15  4 4  183.0   73.1  40   108 9892    0    0    0    0    0    0    0    0
15  5 1 2269.0 1698.1   0   623 9377    0    0    0    0    0    0    0    0
15  6 1 2300.0 1685.7   1   634 9366    0    0    0    0    0    0    0    0
15  7 1 2354.0 1658.0  10   719 9281    0    0    0    0    0    0    0    0
15  8 1 2408.0 1600.0  11   833 9167    0    0    0    0    0    0    0    0
15  9 1 2462.0 1523.5  20   998 9002    0    0    0    0    0    0    0    0
15 10 1 2517.0 1412.8  12  1279 8721    0    0    0    0    0    0    0    0
15 11 1 2571.0 1381.6  21  1102 8898    0    0    0    0    0    0    0    0
15 12 1 2625.0 1475.3   9     010000    0    0    0    0    0    0    0    0
16  1 1 2476.0 2172.0  12    46  812  831 5600 2385  326    0    0    0    0
16  1 2  232.0  180.1 122     1  336 9663    0    0    0    0    0    0    0
16  1 3  169.2  142.5  56     3 9997    0    0    0    0    0    0    0    0
16  1 4  168.0  140.8  56     5 9995    0    0    0    0    0    0    0    0
16  2 1 2508.0 2141.2  12    36  816  719 5697 2732    0    0    0    0    0
16  2 2  249.0  156.9 121     1  316 9683    0    0    0    0    0    0    0
16  2 3  186.2  135.7  76     3 9997    0    0    0    0    0    0    0    0
16  2 4  185.0  133.2  68    11 9989    0    0    0    0    0    0    0    0
16  3 1 2540.0 2083.8   6    28  824  708 8440    0    0    0    0    0    0
16  3 2  267.0  130.7 109     1  339 9660    0    0    0    0    0    0    0
16  3 3  204.2  124.0  41     5 9995    0    0    0    0    0    0    0    0
16  3 4  203.0  114.9  46    74 9926    0    0    0    0    0    0    0    0
16  4 1 2571.0 2014.6   3    19  840 9141    0    0    0    0    0    0    0
16  4 2  284.0  105.3  72     3 1465 8532    0    0    0    0    0    0    0
16  4 3  222.2  109.8  47    15 9985    0    0    0    0    0    0    0    0
16  4 4  221.0  100.7  91   107 9893    0    0    0    0    0    0    0    0
16  5 1 2603.0 1977.2  -3    12 1271 8717    0    0    0    0    0    0    0
16  5 2  302.0  149.0  27     1 9999    0    0    0    0    0    0    0    0
16  5 3  241.2   87.5  34   138 9862    0    0    0    0    0    0    0    0
16  5 4  240.0   86.3  34   138 9862    0    0    0    0    0    0    0    0
16  6 1 2636.0 1877.7   0   859 9141    0    0    0    0    0    0    0    0
16  7 1 2668.0 1860.3   1   875 9125    0    0    0    0    0    0    0    0
16  8 1 2726.0 1823.3   8   984 9016    0    0    0    0    0    0    0    0
16  9 1 2785.0 1754.4  10  1127 8873    0    0    0    0    0    0    0    0
16 10 1 2843.0 1664.1  19  1330 8670    0    0    0    0    0    0    0    0
16 11 1 2902.0 1534.9  11  1661 8339    0    0    0    0    0    0    0    0
16 12 1 2960.0 1511.9  19  1446 8554    0    0    0    0    0    0    0    0
16 13 1 3018.0 1683.1   8     010000    0    0    0    0    0    0    0    0
17  1 1 2829.0 2450.8   9    69  930  944 5569 2140  348    0    0    0    0
17  1 2  277.0  218.2  86     3  375 9622    0    0    0    0    0    0    0
17  1 3  207.6  175.6  39     3 9997    0    0    0    0    0    0    0    0
17  1 4  206.0  173.8  40     4 9996    0    0    0    0    0    0    0    0
17  2 1 2862.0 2422.2  10    57  936  821 5651 2200  335    0    0    0    0
17  2 2  295.0  195.5 104     2  354 9644    0    0    0    0    0    0    0
17  2 3  225.6  170.1  50     3 9997    0    0    0    0    0    0    0    0
17  2 4  224.0  167.8  49     7 9993    0    0    0    0    0    0    0    0
17  3 1 2896.0 2385.8   9    44  946  732 5912 2366    0    0    0    0    0
17  3 2  314.0  166.7 104     2  337 9661    0    0    0    0    0    0    0
17  3 3  244.6  159.8  65     5 9995    0    0    0    0    0    0    0    0
17  3 4  243.0  156.6  58    16 9984    0    0    0    0    0    0    0    0
17  4 1 2929.0 2367.6   3    36  959 1013 7992    0    0    0    0    0    0
17  4 2  333.0  140.1  84     6 1148 8846    0    0    0    0    0    0    0
17  4 3  264.7  145.1  33     6 9994    0    0    0    0    0    0    0    0
17  4 4  263.0  133.7  38   105 9895    0    0    0    0    0    0    0    0
17  5 1 2962.0 2235.6   2    25  979 8996    0    0    0    0    0    0    0
17  5 2  352.0  189.5  52    42 9958    0    0    0    0    0    0    0    0
17  5 3  284.7  128.1  40    21 9979    0    0    0    0    0    0    0    0
17  5 4  283.0  116.7  79   152 9848    0    0    0    0    0    0    0    0
17  6 1 2996.0 2195.4  -3    19 1417 8564    0    0    0    0    0    0    0
17  6 2  371.0  168.2  24     2 9998    0    0    0    0    0    0    0    0
17  6 3  304.7  100.5  29   196 9804    0    0    0    0    0    0    0    0
17  6 4  303.0   98.8  29   196 9804    0    0    0    0    0    0    0    0
17  7 1 3030.0 2080.3   0  1002 8998    0    0    0    0    0    0    0    0
17  8 1 3064.0 2059.6   0  1019 8981    0    0    0    0    0    0    0    0
17  9 1 3126.0 2013.3   8  1147 8853    0    0    0    0    0    0    0    0
17 10 1 3189.0 1931.3   9  1315 8685    0    0    0    0    0    0    0    0
17 11 1 3252.0 1825.6  17  1550 8450    0    0    0    0    0    0    0    0
17 12 1 3315.0 1674.9  10  1926 8074    0    0    0    0    0    0    0    0
17 13 1 3377.0 1664.4  18  1656 8344    0    0    0    0    0    0    0    0
17 14 1 3439.0 1905.2   7     010000    0    0    0    0    0    0    0    0
18  1 1 3206.3 2701.1   6   102 1172 1001 5172 2009  544    0    0    0    0
18  1 2  326.5  256.6  69     5  361 9634    0    0    0    0    0    0    0
18  1 3  250.7  212.7  35     3 9997    0    0    0    0    0    0    0    0
18  1 4  248.6  210.8  36     3 9997    0    0    0    0    0    0    0    0
18  2 1 3241.0 2673.1   8    87 1181  885 5243 2072  532    0    0    0    0
18  2 2  345.0  236.1  74     4  348 9648    0    0    0    0    0    0    0
18  2 3  269.1  205.7  34     4 9996    0    0    0    0    0    0    0    0
18  2 4  267.0  203.5  35     5 9995    0    0    0    0    0    0    0    0
18  3 1 3276.0 2641.7   9    72 1193  777 5423 2535    0    0    0    0    0
18  3 2  365.0  208.3  92     4  334 9662    0    0    0    0    0    0    0
18  3 3  289.1  197.5  43     4 9996    0    0    0    0    0    0    0    0
18  3 4  287.0  194.6  43     8 9992    0    0    0    0    0    0    0    0
18  4 1 3311.0 2624.3   7    56 1211 1005 7728    0    0    0    0    0    0
18  4 2  386.0  175.5  84     4  413 9583    0    0    0    0    0    0    0
18  4 3  310.1  184.6  57     6 9994    0    0    0    0    0    0    0    0
18  4 4  308.0  180.4  51    20 9980    0    0    0    0    0    0    0    0
18  5 1 3346.0 2573.4   2    47 1225 1092 7636    0    0    0    0    0    0
18  5 2  406.0  229.1  26   102 9898    0    0    0    0    0    0    0    0
18  5 3  332.2  166.8  28     8 9992    0    0    0    0    0    0    0    0
18  5 4  330.0  152.9  32   125 9875    0    0    0    0    0    0    0    0
18  6 1 3381.0 2428.6   2    35 1249 8716    0    0    0    0    0    0    0
18  6 2  426.0  211.5  47    77 9923    0    0    0    0    0    0    0    0
18  6 3  353.2  145.9  36    28 9972    0    0    0    0    0    0    0    0
18  6 4  351.0  132.5  70   178 9822    0    0    0    0    0    0    0    0
18  7 1 3417.0 2382.4  -3    29 1689 8282    0    0    0    0    0    0    0
18  7 2  447.0  188.0  22     2 9998    0    0    0    0    0    0    0    0
18  7 3  375.2  114.3  25   230 9770    0    0    0    0    0    0    0    0
18  7 4  373.0  112.2  25   230 9770    0    0    0    0    0    0    0    0
18  8 1 3452.0 2248.2   0  1284 8716    0    0    0    0    0    0    0    0
18  9 1 3488.0 2223.5   0  1305 8695    0    0    0    0    0    0    0    0
18 10 1 3554.0 2167.6   7  1447 8553    0    0    0    0    0    0    0    0
18 11 1 3621.0 2076.1   7  1623 8377    0    0    0    0    0    0    0    0
18 12 1 3688.0 1965.4  15  1843 8157    0    0    0    0    0    0    0    0
18 13 1 3755.0 1827.9   9  2116 7884    0    0    0    0    0    0    0    0
18 14 1 3821.0 1859.4  19  1671 8329    0    0    0    0    0    0    0    0
18 15 1 3887.0 2140.4   7     010000    0    0    0    0    0    0    0    0
19  1 1 3610.0 3057.1  14   110  861  969 3083 3005 1496  476    0    0    0
19  1 2  381.0  290.7 116     7   26 4364 5603    0    0    0    0    0    0
19  1 3  298.7  248.5  58     0 7843 2157    0    0    0    0    0    0    0
19  1 4  296.0  246.0  59     0 7813 2187    0    0    0    0    0    0    0
19  1 5   37.0   12.1 301     1 9999    0    0    0    0    0    0    0    0
19  2 1 3644.0 3040.0   5   111 1120 1170 5182 1930  487    0    0    0    0
19  2 2  399.0  273.8  57     7  383 9610    0    0    0    0    0    0    0
19  2 3  316.7  242.8  24     4 9996    0    0    0    0    0    0    0    0
19  2 4  314.0  240.3  25     4 9996    0    0    0    0    0    0    0    0
19  3 1 3681.0 3012.0   7    95 1126 1055 5450 2274    0    0    0    0    0
19  3 2  420.0  250.5  64     6  368 9626    0    0    0    0    0    0    0
19  3 3  337.7  236.0  29     5 9995    0    0    0    0    0    0    0    0
19  3 4  335.0  233.1  30     6 9994    0    0    0    0    0    0    0    0
19  4 1 3718.0 2991.5   6    78 1143 1306 7473    0    0    0    0    0    0
19  4 2  442.0  228.4  78    12  745 9243    0    0    0    0    0    0    0
19  4 3  359.8  225.7  39     6 9994    0    0    0    0    0    0    0    0
19  4 4  357.0  222.0  38    11 9989    0    0    0    0    0    0    0    0
19  5 1 3754.0 2943.7   6    61 1157 1222 7560    0    0    0    0    0    0
19  5 2  464.0  275.1  49   156 9844    0    0    0    0    0    0    0    0
19  5 3  382.8  210.1  51     8 9992    0    0    0    0    0    0    0    0
19  5 4  380.0  205.0  45    27 9973    0    0    0    0    0    0    0    0
19  6 1 3791.0 2885.2   2    54 1171 1342 7433    0    0    0    0    0    0
19  6 2  485.0  253.6  23   138 9862    0    0    0    0    0    0    0    0
19  6 3  405.8  188.5  25    11 9989    0    0    0    0    0    0    0    0
19  6 4  403.0  171.8  28   173 9827    0    0    0    0    0    0    0    0
19  7 1 3828.0 2723.4   1    42 1199 8759    0    0    0    0    0    0    0
19  7 2  507.0  234.2  43   106 9894    0    0    0    0    0    0    0    0
19  7 3  428.8  164.8  31    37 9963    0    0    0    0    0    0    0    0
19  7 4  426.0  148.4  63   250 9750    0    0    0    0    0    0    0    0
19  8 1 3866.0 2667.4  -3    40 1754 8206    0    0    0    0    0    0    0
19  8 2  530.0  208.6  20     4 9996    0    0    0    0    0    0    0    0
19  8 3  452.9  128.1  22   328 9672    0    0    0    0    0    0    0    0
19  8 4  450.0  125.4  23   328 9672    0    0    0    0    0    0    0    0
19  9 1 3902.0 2514.4   0  1228 8772    0    0    0    0    0    0    0    0
19 10 1 3940.0 2483.9   0  1253 8747    0    0    0    0    0    0    0    0
19 11 1 4010.0 2422.3   6  1393 8607    0    0    0    0    0    0    0    0
19 12 1 4081.0 2321.4   7  1568 8432    0    0    0    0    0    0    0    0
19 13 1 4152.0 2199.5  15  1787 8213    0    0    0    0    0    0    0    0
19 14 1 4223.0 2047.5   9  2064 7936    0    0    0    0    0    0    0    0
19 15 1 4293.0 2083.1  18  1626 8374    0    0    0    0    0    0    0    0
19 16 1 4363.0 2389.0   6     010000    0    0    0    0    0    0    0    0
20  1 1 4041.0 3348.2  21     1  167 1317 1294 4435 1713  785  288    0    0
20  1 2  441.0  339.9 155     0   40  523 8318 1119    0    0    0    0    0
20  1 3  352.6  299.2  69     0  227 9660  113    0    0    0    0    0    0
20  1 4  349.0  295.8  71     0  229 9658  113    0    0    0    0    0    0
20  1 5   46.0   11.7 206     010000    0    0    0    0    0    0    0    0
20  1 6   28.4   15.7 187    50 9950    0    0    0    0    0    0    0    0
20  1 7   28.0   15.3 189    50 9950    0    0    0    0    0    0    0    0
20  2 1 4075.0 3312.9  15   140 1011 1030 2966 3005 1455  393    0    0    0
20  2 2  459.0  310.9 118    10   32 4185 5773    0    0    0    0    0    0
20  2 3  369.6  281.9  57     0 7749 2251    0    0    0    0    0    0    0
20  2 4  366.0  278.6  58     0 7721 2279    0    0    0    0    0    0    0
20  2 5   58.0    7.1 209     1 9999    0    0    0    0    0    0    0    0
20  3 1 4110.0 3291.1   4   141 1327 1196 5147 1810  379    0    0    0    0
20  3 2  478.0  288.1  49     9  450 9541    0    0    0    0    0    0    0
20  3 3  389.6  274.2  20     5 9995    0    0    0    0    0    0    0    0
20  3 4  386.0  270.9  21     5 9995    0    0    0    0    0    0    0    0
20  4 1 4149.0 3257.3   6   121 1339 1089 5531 1920    0    0    0    0    0
20  4 2  501.0  272.3  60    17  835 9148    0    0    0    0    0    0    0
20  4 3  412.6  265.6  25     6 9994    0    0    0    0    0    0    0    0
20  4 4  409.0  261.9  26     8 9992    0    0    0    0    0    0    0    0
20  5 1 4187.0 3231.6   5   100 1362 1327 7211    0    0    0    0    0    0
20  5 2  525.0  241.7  65    27 1368 8605    0    0    0    0    0    0    0
20  5 3  436.6  253.5  35     8 9992    0    0    0    0    0    0    0    0
20  5 4  433.0  248.8  34    15 9985    0    0    0    0    0    0    0    0
20  6 1 4225.0 3177.6   6    79 1381 1255 7285    0    0    0    0    0    0
20  6 2  548.0  302.6  45   185 9815    0    0    0    0    0    0    0    0
20  6 3  461.6  235.3  47    10 9990    0    0    0    0    0    0    0    0
20  6 4  458.0  229.0  41    35 9965    0    0    0    0    0    0    0    0
20  7 1 4264.0 3110.7   2    73 1398 1429 7100    0    0    0    0    0    0
20  7 2  571.0  278.8  20   164 9836    0    0    0    0    0    0    0    0
20  7 3  486.7  210.9  22    14 9986    0    0    0    0    0    0    0    0
20  7 4  483.0  190.9  24   223 9777    0    0    0    0    0    0    0    0
20  8 1 4303.0 2935.2   1    59 1433 8508    0    0    0    0    0    0    0
20  8 2  595.0  257.7  40   124 9876    0    0    0    0    0    0    0    0
20  8 3  511.7  184.6  28    47 9953    0    0    0    0    0    0    0    0
20  8 4  508.0  164.9  56   326 9674    0    0    0    0    0    0    0    0
20  9 1 4342.0 2870.6  -3    63 2024 7913    0    0    0    0    0    0    0
20  9 2  620.0  230.2  18     5 9995    0    0    0    0    0    0    0    0
20  9 3  537.7  142.4  20   433 9567    0    0    0    0    0    0    0    0
20  9 4  534.0  138.9  20   433 9567    0    0    0    0    0    0    0    0
20 10 1 4380.0 2699.5   0  1475 8525    0    0    0    0    0    0    0    0
20 11 1 4420.0 2664.4  -1  1505 8495    0    0    0    0    0    0    0    0
20 12 1 4494.0 2589.3   6  1672 8328    0    0    0    0    0    0    0    0
20 13 1 4569.0 2470.8   6  1878 8122    0    0    0    0    0    0    0    0
20 14 1 4644.0 2327.4  13  2140 7860    0    0    0    0    0    0    0    0
20 15 1 4719.0 2148.3   8  2478 7522    0    0    0    0    0    0    0    0
20 16 1 4793.0 2210.2  16  1984 8016    0    0    0    0    0    0    0    0
20 17 1 4867.0 2652.0   6     010000    0    0    0    0    0    0    0    0
21  1 1 4494.0 3523.8  20     0  205 1426 1218 3457 2509  958  227    0    0
21  1 2  503.0  406.1 181     0   17  155 5263 4527   38    0    0    0    0
21  1 3  407.7  356.7  99     3   14 8078 1905    0    0    0    0    0    0
21  1 4  403.0  351.3 102     1    9 8001 1989    0    0    0    0    0    0
21  1 5   55.0   33.7 402     0  358 9642    0    0    0    0    0    0    0
21  1 6   33.5   18.7 135     2 9998    0    0    0    0    0    0    0    0
21  1 7   33.0   18.2 138     3 9997    0    0    0    0    0    0    0    0
21  2 1 4530.0 3503.9  17     0  350 1748 1754 4493 1364  291    0    0    0
21  2 2  523.0  369.8 141     0   47 1982 7971    0    0    0    0    0    0
21  2 3  427.7  344.2  81     2 1046 8952    0    0    0    0    0    0    0
21  2 4  423.0  339.0  83     1  750 9249    0    0    0    0    0    0    0
21  2 5   68.0    7.7 300     010000    0    0    0    0    0    0    0    0
21  2 6   46.5   18.9 214     4 9996    0    0    0    0    0    0    0    0
21  2 7   46.0   18.4 217     5 9995    0    0    0    0    0    0    0    0
21  3 1 4567.0 3470.3   9   205 1790 1225 4991 1587  202    0    0    0    0
21  3 2  543.0  336.2  84    13  510 9477    0    0    0    0    0    0    0
21  3 3  447.7  318.8  43     8 9992    0    0    0    0    0    0    0    0
21  3 4  443.0  313.1  45     7 9993    0    0    0    0    0    0    0    0
21  4 1 4604.0 3453.4   1   205 1802 1596 6397    0    0    0    0    0    0
21  4 2  564.0  314.0  44    30 1046 8924    0    0    0    0    0    0    0
21  4 3  469.7  306.7  17     7 9993    0    0    0    0    0    0    0    0
21  4 4  465.0  302.5  19     7 9993    0    0    0    0    0    0    0    0
21  5 1 4644.0 3411.4   4   176 1825 1458 6541    0    0    0    0    0    0
21  5 2  589.0  361.1  17   274 9726    0    0    0    0    0    0    0    0
21  5 3  494.7  296.3  22     8 9992    0    0    0    0    0    0    0    0
21  5 4  490.0  291.5  22    10 9990    0    0    0    0    0    0    0    0
21  6 1 4684.0 3356.2   5   146 1852 1321 6681    0    0    0    0    0    0
21  6 2  614.0  347.3  17   263 9737    0    0    0    0    0    0    0    0
21  6 3  520.7  282.4  31    10 9990    0    0    0    0    0    0    0    0
21  6 4  516.0  276.5  31    19 9981    0    0    0    0    0    0    0    0
21  7 1 4724.0 3295.7   5   116 1884 1248 6752    0    0    0    0    0    0
21  7 2  639.0  329.7  41   247 9753    0    0    0    0    0    0    0    0
21  7 3  547.7  261.6  42    13 9987    0    0    0    0    0    0    0    0
21  7 4  543.0  253.8  37    44 9956    0    0    0    0    0    0    0    0
21  8 1 4764.0 3218.3   2   112 1908 1478 6502    0    0    0    0    0    0
21  8 2  664.0  303.8  18   219 9781    0    0    0    0    0    0    0    0
21  8 3  574.7  234.4  19    18 9982    0    0    0    0    0    0    0    0
21  8 4  570.0  210.3  21   279 9721    0    0    0    0    0    0    0    0
21  9 1 4805.0 3035.0   1    95 1955 7950    0    0    0    0    0    0    0
21  9 2  690.0  281.4  37   167 9833    0    0    0    0    0    0    0    0
21  9 3  601.7  205.1  26    60 9940    0    0    0    0    0    0    0    0
21  9 4  597.0  181.5  51   404 9596    0    0    0    0    0    0    0    0
21 10 1 4846.0 2962.3  -3   107 2544 7349    0    0    0    0    0    0    0
21 10 2  717.0  252.4  17     7 9993    0    0    0    0    0    0    0    0
21 10 3  629.7  157.4  18   533 9467    0    0    0    0    0    0    0    0
21 10 4  625.0  153.0  18   533 9467    0    0    0    0    0    0    0    0
21 11 1 4886.0 2774.3   0  2036 7964    0    0    0    0    0    0    0    0
21 12 1 4928.0 2735.3  -1  2073 7927    0    0    0    0    0    0    0    0
21 13 1 5006.0 2633.0   5  2304 7696    0    0    0    0    0    0    0    0
21 14 1 5085.0 2479.8   6  2596 7404    0    0    0    0    0    0    0    0
21 15 1 5164.0 2289.6  11  2979 7021    0    0    0    0    0    0    0    0
21 16 1 5243.0 2039.2   6  3521 6479    0    0    0    0    0    0    0    0
21 17 1 5321.0 2140.1  13  2963 7037    0    0    0    0    0    0    0    0
21 18 1 5399.0 2930.0   6     010000    0    0    0    0    0    0    0    0
22  1 1 4970.0 3769.0  19     2  261  322 1895 2094 3959 1168  278   21    0
22  1 2  567.0  470.6 200     0   25   60 3288 6045  582    0    0    0    0
22  1 3  465.0  432.6 132    18  228 1853 7838   63    0    0    0    0    0
22  1 4  459.0  426.0 140     4   48 1485 8395   68    0    0    0    0    0
22  1 5   64.0   42.2 391     0  385 9615    0    0    0    0    0    0    0
22  1 6   38.7   23.2 127     1 9999    0    0    0    0    0    0    0    0
22  1 7   38.0   22.6 132     2 9998    0    0    0    0    0    0    0    0
22  2 1 5008.0 3740.2  16     2  260 2061 1303 4021 1820  498   35    0    0
22  2 2  589.0  426.3 131     0   22  859 8474  645    0    0    0    0    0
22  2 3  488.0  395.8  91    17  225 9651  107    0    0    0    0    0    0
22  2 4  482.0  387.1  92     4   45 9922   29    0    0    0    0    0    0
22  2 5   79.0   36.0 511     0  205 9795    0    0    0    0    0    0    0
22  2 6   53.7   24.1 213     1 9999    0    0    0    0    0    0    0    0
22  2 7   53.0   23.4 216     2 9998    0    0    0    0    0    0    0    0
22  3 1 5047.0 3714.8   9     2 2263  938 2030 4127  640    0    0    0    0
22  3 2  611.0  395.6  69     0  556 6673 2771    0    0    0    0    0    0
22  3 3  510.0  369.0  14    17 9870  113    0    0    0    0    0    0    0
22  3 4  504.0  360.3  13     4 9807  189    0    0    0    0    0    0    0
22  3 5   93.0   35.1 150     010000    0    0    0    0    0    0    0    0
22  3 6   68.7   11.9 203     2 9998    0    0    0    0    0    0    0    0
22  3 7   68.0   11.2 205     2 9998    0    0    0    0    0    0    0    0
22  4 1 5086.0 3680.3   7   243 2066 1264 5038 1389    0    0    0    0    0
22  4 2  633.0  368.8  68    36 1038 8926    0    0    0    0    0    0    0
22  4 3  533.0  353.6  40    17 9983    0    0    0    0    0    0    0    0
22  4 4  527.0  347.1  41    10 9990    0    0    0    0    0    0    0    0
22  5 1 5125.0 3653.9   1   242 2081 1593 6084    0    0    0    0    0    0
22  5 2  656.0  401.5  12   371 9629    0    0    0    0    0    0    0    0
22  5 3  556.9  339.1  14     8 9992    0    0    0    0    0    0    0    0
22  5 4  551.0  333.8  15     8 9992    0    0    0    0    0    0    0    0
22  6 1 5167.0 3606.9   3   208 2111 1451 6230    0    0    0    0    0    0
22  6 2  683.0  390.6  15   363 9637    0    0    0    0    0    0    0    0
22  6 3  583.9  327.8  19    10 9990    0    0    0    0    0    0    0    0
22  6 4  578.0  321.8  20    13 9987    0    0    0    0    0    0    0    0
22  7 1 5209.0 3545.4   4   173 2146 1321 6360    0    0    0    0    0    0
22  7 2  710.0  375.7  16   350 9650    0    0    0    0    0    0    0    0
22  7 3  611.9  312.2  29    12 9988    0    0    0    0    0    0    0    0
22  7 4  606.0  304.9  29    23 9977    0    0    0    0    0    0    0    0
22  8 1 5251.0 3477.9   5   139 2186 1266 6409    0    0    0    0    0    0
22  8 2  737.0  356.5  38   329 9671    0    0    0    0    0    0    0    0
22  8 3  640.9  288.9  39    16 9984    0    0    0    0    0    0    0    0
22  8 4  635.0  279.3  34    54 9946    0    0    0    0    0    0    0    0
22  9 1 5292.0 3390.0   1   141 2210 1559 6090    0    0    0    0    0    0
22  9 2  764.0  328.8  16   293 9707    0    0    0    0    0    0    0    0
22  9 3  669.9  258.8  17    22 9978    0    0    0    0    0    0    0    0
22  9 4  664.0  230.1  19   340 9660    0    0    0    0    0    0    0    0
22 10 1 5335.0 3196.5   1   125 2264 7611    0    0    0    0    0    0    0
22 10 2  792.0  305.2  34   224 9776    0    0    0    0    0    0    0    0
22 10 3  698.8  226.5  24    74 9926    0    0    0    0    0    0    0    0
22 10 4  693.0  198.4  47   488 9512    0    0    0    0    0    0    0    0
22 11 1 5378.0 3115.7  -3   149 2864 6987    0    0    0    0    0    0    0
22 11 2  821.0  275.2  16     9 9991    0    0    0    0    0    0    0    0
22 11 3  728.8  172.7  16   639 9361    0    0    0    0    0    0    0    0
22 11 4  723.0  167.3  17   639 9361    0    0    0    0    0    0    0    0
22 12 1 5420.0 2908.7  -1  2369 7631    0    0    0    0    0    0    0    0
22 13 1 5464.0 2865.1  -1  2411 7589    0    0    0    0    0    0    0    0
22 14 1 5546.0 2744.5   5  2670 7330    0    0    0    0    0    0    0    0
22 15 1 5629.0 2569.0   5  2994 7006    0    0    0    0    0    0    0    0
22 16 1 5712.0 2351.7  10  3418 6582    0    0    0    0    0    0    0    0
22 17 1 5795.0 2065.7   6  4016 5984    0    0    0    0    0    0    0    0
22 18 1 5877.0 2191.1  12  3438 6562    0    0    0    0    0    0    0    0
22 19 1 5959.0 3221.0   6     010000    0    0    0    0    0    0    0    0
23  1 1 5470.0 4002.9  19     6  340  488 1479 1675 4056 1595  331   30    0
23  1 2  633.0  549.2 215     0   32   93  834 6643 2394    4    0    0    0
23  1 3  525.5  492.5 116    50  576 2342 5697 1335    0    0    0    0    0
23  1 4  518.0  485.7 128    12  137 2031 6295 1525    0    0    0    0    0
23  1 5   72.0   50.8 392     0  454 9546    0    0    0    0    0    0    0
23  1 6   43.9   28.0 127     1 9999    0    0    0    0    0    0    0    0
23  1 7   43.0   27.2 132     1 9999    0    0    0    0    0    0    0    0
23  2 1 5511.0 3969.7   5     6  389 2573 3664 2485  760  117    6    0    0
23  2 2  658.0  488.3  63     0   29 4761 4499  711    0    0    0    0    0
23  2 3  550.5  458.6  50    59 1012 8618  311    0    0    0    0    0    0
23  2 4  543.0  446.0  52    14  239 9593  154    0    0    0    0    0    0
23  2 5   89.0   29.3 346     0   21 9979    0    0    0    0    0    0    0
23  2 6   60.9   29.7 210     1 9999    0    0    0    0    0    0    0    0
23  2 7   60.0   28.8 214     1 9999    0    0    0    0    0    0    0    0
23  3 1 5551.0 3933.5   7     5 2212 1222 3261 2542  683   75    0    0    0
23  3 2  682.0  461.0  43     0  128 8192 1680    0    0    0    0    0    0
23  3 3  575.4  427.0  21    50 8399 1551    0    0    0    0    0    0    0
23  3 4  568.0  415.3  21    11 8248 1741    0    0    0    0    0    0    0
23  3 5  106.0   45.2 148     010000    0    0    0    0    0    0    0    0
23  3 6   77.9   17.6 201     1 9999    0    0    0    0    0    0    0    0
23  3 7   77.0   16.7 203     1 9999    0    0    0    0    0    0    0    0
23  4 1 5592.0 3902.1   7   281 1922 1266 3650 2666  215    0    0    0    0
23  4 2  706.0  421.9  65    33  190 8758 1019    0    0    0    0    0    0
23  4 3  600.4  406.8  15    38 8321 1641    0    0    0    0    0    0    0
23  4 4  593.0  397.5  15     9 8195 1796    0    0    0    0    0    0    0
23  4 5  122.0   24.9 125   521 9479    0    0    0    0    0    0    0    0
23  5 1 5633.0 3865.3   6   282 2348 1226 4815 1329    0    0    0    0    0
23  5 2  730.0  419.3  37   118 2611 7271    0    0    0    0    0    0    0
23  5 3  625.4  388.5  36    30 9970    0    0    0    0    0    0    0    0
23  5 4  618.0  381.2  37    14 9986    0    0    0    0    0    0    0    0
23  6 1 5674.0 3837.7   1   280 2366 1555 5799    0    0    0    0    0    0
23  6 2  755.0  431.5  10   469 9531    0    0    0    0    0    0    0    0
23  6 3  651.4  372.5  11    10 9990    0    0    0    0    0    0    0    0
23  6 4  644.0  366.0  13    10 9990    0    0    0    0    0    0    0    0
23  7 1 5717.0 3784.9   3   241 2404 1421 5934    0    0    0    0    0    0
23  7 2  784.0  420.0  13   459 9541    0    0    0    0    0    0    0    0
23  7 3  680.3  360.3  17    12 9988    0    0    0    0    0    0    0    0
23  7 4  673.0  352.9  18    16 9984    0    0    0    0    0    0    0    0
23  8 1 5761.0 3717.7   4   201 2446 1301 6052    0    0    0    0    0    0
23  8 2  813.0  403.8  14   443 9557    0    0    0    0    0    0    0    0
23  8 3  710.3  342.9  26    15 9985    0    0    0    0    0    0    0    0
23  8 4  703.0  334.0  26    28 9972    0    0    0    0    0    0    0    0
23  9 1 5805.0 3643.8   5   163 2492 1271 6074    0    0    0    0    0    0
23  9 2  842.0  383.2  36   417 9583    0    0    0    0    0    0    0    0
23  9 3  741.3  317.1  36    19 9981    0    0    0    0    0    0    0    0
23  9 4  734.0  305.5  32    66 9934    0    0    0    0    0    0    0    0
23 10 1 5848.0 3546.7   1   174 2513 1628 5685    0    0    0    0    0    0
23 10 2  871.0  353.7  15   371 9629    0    0    0    0    0    0    0    0
23 10 3  772.3  284.1  16    27 9973    0    0    0    0    0    0    0    0
23 10 4  765.0  250.0  17   413 9587    0    0    0    0    0    0    0    0
23 11 1 5893.0 3344.6   1   163 2571 7266    0    0    0    0    0    0    0
23 11 2  901.0  329.2  32   285 9715    0    0    0    0    0    0    0    0
23 11 3  803.2  248.7  22    92 9908    0    0    0    0    0    0    0    0
23 11 4  796.0  215.4  44   592 9408    0    0    0    0    0    0    0    0
23 12 1 5938.0 3256.3  -2   206 3178 6616    0    0    0    0    0    0    0
23 12 2  932.0  298.8  14    11 9989    0    0    0    0    0    0    0    0
23 12 3  835.2  187.9  15   773 9227    0    0    0    0    0    0    0    0
23 12 4  828.0  181.3  15   773 9227    0    0    0    0    0    0    0    0
23 13 1 5982.0 3029.9  -1  2705 7295    0    0    0    0    0    0    0    0
23 14 1 6028.0 2981.9  -1  2751 7249    0    0    0    0    0    0    0    0
23 15 1 6114.0 2843.7   4  3031 6969    0    0    0    0    0    0    0    0
23 16 1 6201.0 2646.8   5  3378 6622    0    0    0    0    0    0    0    0
23 17 1 6288.0 2406.6   9  3826 6174    0    0    0    0    0    0    0    0
23 18 1 6375.0 2095.2   5  4442 5558    0    0    0    0    0    0    0    0
23 19 1 6461.0 2248.9  10  3838 6162    0    0    0    0    0    0    0    0
23 20 1 6547.0 3526.0   5     010000    0    0    0    0    0    0    0    0
24  1 1 5995.0 4201.6   9    17  607  723 1364 1118 3777 2070  304   23    0
24  1 2  702.0  603.2 164     0   66  400 1439 4481 3564   50    0    0    0
24  1 3  589.2  545.9  79    94 1557 2791 4486 1064    8    0    0    0    0
24  1 4  580.0  536.8  86    52  979 2809 4926 1225    9    0    0    0    0
24  1 5   80.0   56.9 376     0  352 9648    0    0    0    0    0    0    0
24  1 6   49.2   32.0 124     1 9999    0    0    0    0    0    0    0    0
24  1 7   48.0   30.8 127     1 9999    0    0    0    0    0    0    0    0
24  2 1 6038.0 4194.3   7    17  608  743 2738 3759 1860  253   24    0    0
24  2 2  730.0  561.8  98     0   64  502 6549 2885    0    0    0    0    0
24  2 3  616.2  526.6  69    94 1561 2860 5485    0    0    0    0    0    0
24  2 4  607.0  514.1  73    52  978 2894 6076    0    0    0    0    0    0
24  2 5   99.0   36.7 340     0  135 9865    0    0    0    0    0    0    0
24  2 6   68.2   34.7 205     1 9999    0    0    0    0    0    0    0    0
24  2 7   67.0   33.5 208     1 9999    0    0    0    0    0    0    0    0
24  3 1 6080.0 4155.1   2    13  441 2540 5392 1335  225   53    0    0    0
24  3 2  756.0  516.8  52     0   53 6270 3677    0    0    0    0    0    0
24  3 3  643.1  486.3  46   106  994 7653 1247    0    0    0    0    0    0
24  3 4  634.0  471.8  48    25  269 8316 1390    0    0    0    0    0    0
24  3 5  117.0   52.0 132     010000    0    0    0    0    0    0    0    0
24  3 6   87.2   22.5 177     1 9999    0    0    0    0    0    0    0    0
24  3 7   86.0   21.3 179     2 9998    0    0    0    0    0    0    0    0
24  4 1 6122.0 4124.7   5    11 2474 1621 4398 1100  396    0    0    0    0
24  4 2  782.0  482.9  34     0  158 9842    0    0    0    0    0    0    0
24  4 3  671.1  464.5  18    90 8397 1513    0    0    0    0    0    0    0
24  4 4  662.0  452.6  18    20 8286 1694    0    0    0    0    0    0    0
24  4 5  136.0   35.1 133     010000    0    0    0    0    0    0    0    0
24  4 6  105.2    4.9 172     2 9998    0    0    0    0    0    0    0    0
24  4 7  104.0    3.7 174     2 9998    0    0    0    0    0    0    0    0
24  5 1 6165.0 4087.5   7   321 2609 1200 4025 1845    0    0    0    0    0
24  5 2  808.0  468.7  50    86 1625 8289    0    0    0    0    0    0    0
24  5 3  698.1  443.0  10    69 9931    0    0    0    0    0    0    0    0
24  5 4  689.0  433.5   9    15 9985    0    0    0    0    0    0    0    0
24  5 5  154.0   11.6 112   565 9435    0    0    0    0    0    0    0    0
24  6 1 6208.0 4060.7   6   320 2629 1526 5525    0    0    0    0    0    0
24  6 2  834.0  437.7  35   149 2594 7257    0    0    0    0    0    0    0
24  6 3  725.0  424.2  32    49 9951    0    0    0    0    0    0    0    0
24  6 4  716.0  416.3  34    19 9981    0    0    0    0    0    0    0    0
24  7 1 6250.0 4017.4   1   316 2634 1528 5522    0    0    0    0    0    0
24  7 2  861.0  460.2   8   592 9408    0    0    0    0    0    0    0    0
24  7 3  753.0  407.0   9    12 9988    0    0    0    0    0    0    0    0
24  7 4  744.0  399.0  11    12 9988    0    0    0    0    0    0    0    0
24  8 1 6295.0 3959.8   3   272 2679 1400 5649    0    0    0    0    0    0
24  8 2  892.0  447.9  12   578 9422    0    0    0    0    0    0    0    0
24  8 3  784.0  393.5  15    14 9986    0    0    0    0    0    0    0    0
24  8 4  775.0  384.6  16    19 9981    0    0    0    0    0    0    0    0
24  9 1 6341.0 3887.2   4   227 2727 1291 5755    0    0    0    0    0    0
24  9 2  923.0  430.9  13   558 9442    0    0    0    0    0    0    0    0
24  9 3  815.9  374.6  25    18 9982    0    0    0    0    0    0    0    0
24  9 4  807.0  363.8  24    34 9966    0    0    0    0    0    0    0    0
24 10 1 6387.0 3806.8   4   186 2779 1283 5752    0    0    0    0    0    0
24 10 2  954.0  409.0  33   525 9475    0    0    0    0    0    0    0    0
24 10 3  848.9  346.2  33    23 9977    0    0    0    0    0    0    0    0
24 10 4  840.0  332.2  29    79 9921    0    0    0    0    0    0    0    0
24 11 1 6432.0 3700.0   1   211 2793 1696 5300    0    0    0    0    0    0
24 11 2  985.0  378.3  14   468 9532    0    0    0    0    0    0    0    0
24 11 3  881.8  310.6  15    33 9967    0    0    0    0    0    0    0    0
24 11 4  873.0  270.5  16   492 9508    0    0    0    0    0    0    0    0
24 12 1 6479.0 3489.9   1   206 2853 6941    0    0    0    0    0    0    0
24 12 2 1017.0  352.9  30   358 9642    0    0    0    0    0    0    0    0
24 12 3  914.8  271.6  21   112 9888    0    0    0    0    0    0    0    0
24 12 4  906.0  232.4  40   703 9297    0    0    0    0    0    0    0    0
24 13 1 6526.0 3393.9  -2   272 3463 6265    0    0    0    0    0    0    0
24 13 2 1050.0  323.1  14    14 9986    0    0    0    0    0    0    0    0
24 13 3  948.8  203.2  14   917 9083    0    0    0    0    0    0    0    0
24 13 4  940.0  195.3  14   917 9083    0    0    0    0    0    0    0    0
24 14 1 6572.0 3147.8  -1  3019 6981    0    0    0    0    0    0    0    0
24 15 1 6621.0 3096.1  -1  3068 6932    0    0    0    0    0    0    0    0
24 16 1 6711.0 2939.5   4  3365 6635    0    0    0    0    0    0    0    0
24 17 1 6802.0 2723.0   4  3731 6269    0    0    0    0    0    0    0    0
24 18 1 6893.0 2459.8   8  4195 5805    0    0    0    0    0    0    0    0
24 19 1 6984.0 2122.5   4  4826 5174    0    0    0    0    0    0    0    0
24 20 1 7074.0 2300.6   9  4214 5786    0    0    0    0    0    0    0    0
24 21 1 7164.0 3845.0   5     010000    0    0    0    0    0    0    0    0
25  1 1 6544.0 4425.9  13    27  706  838 1437  809 1538 3121 1252  262   10
25  1 2  775.0  687.0 189     0   94  473 1555 3400 3019 1458    1    0    0
25  1 3  656.0  612.8  76   133 1805 2968 4061  983   50    0    0    0    0
25  1 4  645.0  603.1  88    78 1026 2906 4775 1157   58    0    0    0    0
25  1 5   89.0   67.1 370     0  590 9410    0    0    0    0    0    0    0
25  1 6   54.5   36.6  96     1 9999    0    0    0    0    0    0    0    0
25  1 7   53.0   35.1  98     1 9999    0    0    0    0    0    0    0    0
25  2 1 6589.0 4416.2  13    27  707  829 1545 1738 3528 1419  206    1    0
25  2 2  804.0  634.0 167     0   90  462 1951 5257 2205   35    0    0    0
25  2 3  685.0  592.0  77   134 1809 2943 4278  835    1    0    0    0    0
25  2 4  674.0  578.0  87    79 1026 2876 5027  991    1    0    0    0    0
25  2 5  109.0   49.4 358     0  371 9629    0    0    0    0    0    0    0
25  2 6   75.5   41.1 198     1 9999    0    0    0    0    0    0    0    0
25  2 7   74.0   39.6 202     1 9999    0    0    0    0    0    0    0    0
25  3 1 6633.0 4376.1   6    27  708 1952 2204 3940 1023  146    0    0    0
25  3 2  833.0  593.1  85     0  114 2355 6756  775    0    0    0    0    0
25  3 3  713.9  563.6  58   134 1814 5669 2383    0    0    0    0    0    0
25  3 4  703.0  545.3  58    79 1025 6992 1904    0    0    0    0    0    0
25  3 5  129.0   14.0 321     0  128 9872    0    0    0    0    0    0    0
25  3 6   95.5   31.2 215     1 9999    0    0    0    0    0    0    0    0
25  3 7   94.0   29.6 219     1 9999    0    0    0    0    0    0    0    0
25  4 1 6677.0 4342.7   1    21 2755 1612 4159 1237  216    0    0    0    0
25  4 2  861.0  547.1  37     0  172 9828    0    0    0    0    0    0    0
25  4 3  743.9  528.7  19   152 8542 1306    0    0    0    0    0    0    0
25  4 4  733.0  510.2  19    37 8336 1627    0    0    0    0    0    0    0
25  4 5  149.0   42.6 118     010000    0    0    0    0    0    0    0    0
25  4 6  116.5   10.5 151     1 9999    0    0    0    0    0    0    0    0
25  4 7  115.0    9.0 153     2 9998    0    0    0    0    0    0    0    0
25  5 1 6721.0 4300.2   4   366 2867 1172 4390 1205    0    0    0    0    0
25  5 2  889.0  526.2  33    72 1234 8694    0    0    0    0    0    0    0
25  5 3  773.9  505.3  12   132 9868    0    0    0    0    0    0    0    0
25  5 4  763.0  489.9  11    31 9969    0    0    0    0    0    0    0    0
25  5 5  169.0   21.1 115   242 9758    0    0    0    0    0    0    0    0
25  6 1 6766.0 4268.9   5   365 2889 1509 5236    0    0    0    0    0    0
25  6 2  917.0  486.6  47   103 1590 8307    0    0    0    0    0    0    0
25  6 3  802.8  482.7   8   113 9887    0    0    0    0    0    0    0    0
25  6 4  792.0  470.9   7    34 9966    0    0    0    0    0    0    0    0
25  7 1 6810.0 4227.8   6   360 2896 1509 5235    0    0    0    0    0    0
25  7 2  945.0  511.0  25   673 9327    0    0    0    0    0    0    0    0
25  7 3  831.8  461.2  30    71 9929    0    0    0    0    0    0    0    0
25  7 4  821.0  451.8  31    26 9974    0    0    0    0    0    0    0    0
25  8 1 6854.0 4181.2   0   353 2904 1500 5243    0    0    0    0    0    0
25  8 2  974.0  487.7   7   737 9263    0    0    0    0    0    0    0    0
25  8 3  861.8  442.1   8    15 9985    0    0    0    0    0    0    0    0
25  8 4  851.0  432.6  10    15 9985    0    0    0    0    0    0    0    0
25  9 1 6901.0 4119.2   2   305 2955 1380 5360    0    0    0    0    0    0
25  9 2 1007.0  474.7  10   720 9280    0    0    0    0    0    0    0    0
25  9 3  894.7  427.6  14    18 9982    0    0    0    0    0    0    0    0
25  9 4  884.0  417.0  15    23 9977    0    0    0    0    0    0    0    0
25 10 1 6949.0 4041.3   3   255 3010 1281 5454    0    0    0    0    0    0
25 10 2 1040.0  457.0  12   695 9305    0    0    0    0    0    0    0    0
25 10 3  928.7  407.1  23    22 9978    0    0    0    0    0    0    0    0
25 10 4  918.0  394.2  23    42 9958    0    0    0    0    0    0    0    0
25 11 1 6997.0 3954.5   4   211 3068 1298 5423    0    0    0    0    0    0
25 11 2 1073.0  434.2  31   655 9345    0    0    0    0    0    0    0    0
25 11 3  963.7  376.3  31    28 9972    0    0    0    0    0    0    0    0
25 11 4  953.0  359.6  28    98 9902    0    0    0    0    0    0    0    0
25 12 1 7045.0 3838.4   1   256 3070 1768 4906    0    0    0    0    0    0
25 12 2 1106.0  402.0  13   585 9415    0    0    0    0    0    0    0    0
25 12 3  998.6  337.5  14    40 9960    0    0    0    0    0    0    0    0
25 12 4  988.0  290.7  14   591 9409    0    0    0    0    0    0    0    0
25 13 1 7094.0 3622.0   1   261 3129 6610    0    0    0    0    0    0    0
25 13 2 1140.0  376.5  28   448 9552    0    0    0    0    0    0    0    0
25 13 3 1033.6  295.3  19   137 9863    0    0    0    0    0    0    0    0
25 13 4 1023.0  248.9  37   847 9153    0    0    0    0    0    0    0    0
25 14 1 7143.0 3516.8  -2   365 3741 5894    0    0    0    0    0    0    0
25 14 2 1175.0  348.1  13    17 9983    0    0    0    0    0    0    0    0
25 14 3 1069.6  217.5  13  1113 8887    0    0    0    0    0    0    0    0
25 14 4 1059.0  208.1  13  1113 8887    0    0    0    0    0    0    0    0
25 15 1 7191.0 3252.4  -1  3335 6665    0    0    0    0    0    0    0    0
25 16 1 7242.0 3196.4  -1  3386 6614    0    0    0    0    0    0    0    0
25 17 1 7336.0 3022.6   3  3698 6302    0    0    0    0    0    0    0    0
25 18 1 7431.0 2785.8   4  4077 5923    0    0    0    0    0    0    0    0
25 19 1 7526.0 2501.4   7  4552 5448    0    0    0    0    0    0    0    0
25 20 1 7621.0 2142.6   4  5184 4816    0    0    0    0    0    0    0    0
25 21 1 7715.0 2346.7   8  4562 5438    0    0    0    0    0    0    0    0
25 22 1 7809.0 4179.0   5     010000    0    0    0    0    0    0    0    0
26  1 1 7117.0 4661.6  11    47 1005  984 1438  970 1598 2007 1729  205   22
26  1 2  851.0  769.3 166     0  162  893 2000 3317 2495 1122   11    0    0
26  1 3  726.0  683.4  61   158 2601 3096 3304  802   39    0    0    0    0
26  1 4  713.0  668.7  71   152 1768 3086 3981  966   47    0    0    0    0
26  1 5   98.0   76.8 322     0  641 9359    0    0    0    0    0    0    0
26  1 6   60.9   43.0 101     1 9999    0    0    0    0    0    0    0    0
26  1 7   59.0   41.1 104     1 9999    0    0    0    0    0    0    0    0
26  2 1 7164.0 4657.2  13    47 1007  976 1564 1859 3242 1154  143    7    0
26  2 2  882.0  730.4 154     0  170  953 2581 4829 1409   58    0    0    0
26  2 3  757.0  670.1  66   158 2606 3076 3542  617    1    0    0    0    0
26  2 4  744.0  651.1  76   153 1770 3061 4256  759    1    0    0    0    0
26  2 5  119.0   61.6 352     0  437 9563    0    0    0    0    0    0    0
26  2 6   82.9   48.3 148     1 9999    0    0    0    0    0    0    0    0
26  2 7   81.0   46.4 151     1 9999    0    0    0    0    0    0    0    0
26  3 1 7210.0 4614.9   7    47 1009 2220 2139 3601  858  123    3    0    0
26  3 2  913.0  673.1  84     0  194 3687 4976 1139    4    0    0    0    0
26  3 3  787.9  641.6  50   159 2612 5912 1317    0    0    0    0    0    0
26  3 4  775.0  618.1  55   153 1773 7056 1018    0    0    0    0    0    0
26  3 5  141.0   24.6 301     0  217 9783    0    0    0    0    0    0    0
26  3 6  104.9   40.8 203     1 9999    0    0    0    0    0    0    0    0
26  3 7  103.0   38.8 207     1 9999    0    0    0    0    0    0    0    0
26  4 1 7256.0 4569.7   6    41 3058 1243 3313 1850  398   97    0    0    0
26  4 2  943.0  629.8  70     0  275 8295 1426    4    0    0    0    0    0
26  4 3  819.9  604.7  33   180 8721 1045   54    0    0    0    0    0    0
26  4 4  807.0  579.9  40   113 8487 1333   67    0    0    0    0    0    0
26  4 5  162.0   55.8 146     010000    0    0    0    0    0    0    0    0
26  4 6  126.9   20.8 187     1 9999    0    0    0    0    0    0    0    0
26  4 7  125.0   18.9 190     1 9999    0    0    0    0    0    0    0    0
26  5 1 7301.0 4509.2   1   415 2624 1625 3961 1180  195    0    0    0    0
26  5 2  973.0  589.4  35    65  194 9741    0    0    0    0    0    0    0
26  5 3  851.9  573.0  17   208 8562 1230    0    0    0    0    0    0    0
26  5 4  839.0  549.2  16    54 8313 1633    0    0    0    0    0    0    0
26  5 5  184.0   29.0 104   177 9823    0    0    0    0    0    0    0    0
26  6 1 7348.0 4465.0   3   411 3117 1167 4220 1085    0    0    0    0    0
26  6 2 1003.0  545.8  31    85 1225 8690    0    0    0    0    0    0    0
26  6 3  883.8  548.9  10   183 9817    0    0    0    0    0    0    0    0
26  6 4  871.0  529.9   8    44 9956    0    0    0    0    0    0    0    0
26  6 5  205.0    3.9 108   347 9653    0    0    0    0    0    0    0    0
26  7 1 7394.0 4430.7   5   409 3143 1492 4956    0    0    0    0    0    0
26  7 2 1033.0  506.1  41   162 2048 7790    0    0    0    0    0    0    0
26  7 3  914.8  523.1   8   156 9844    0    0    0    0    0    0    0    0
26  7 4  902.0  509.0   7    46 9954    0    0    0    0    0    0    0    0
26  8 1 7440.0 4386.1   5   401 3153 1487 4959    0    0    0    0    0    0
26  8 2 1063.0  540.3  22   813 9187    0    0    0    0    0    0    0    0
26  8 3  945.8  498.3  27    99 9901    0    0    0    0    0    0    0    0
26  8 4  933.0  487.4  28    33 9967    0    0    0    0    0    0    0    0
26  9 1 7486.0 4336.8   0   389 3165 1471 4975    0    0    0    0    0    0
26  9 2 1094.0  514.0   6   895 9105    0    0    0    0    0    0    0    0
26  9 3  977.8  478.3   7    17 9983    0    0    0    0    0    0    0    0
26  9 4  965.0  467.2   8    17 9983    0    0    0    0    0    0    0    0
26 10 1 7535.0 4270.1   2   336 3222 1357 5085    0    0    0    0    0    0
26 10 2 1129.0  500.4   9   876 9124    0    0    0    0    0    0    0    0
26 10 3 1012.7  462.7  12    20 9980    0    0    0    0    0    0    0    0
26 10 4 1000.0  450.1  13    27 9973    0    0    0    0    0    0    0    0
26 11 1 7585.0 4187.0   3   282 3283 1267 5168    0    0    0    0    0    0
26 11 2 1164.0  482.4  11   846 9154    0    0    0    0    0    0    0    0
26 11 3 1048.7  440.9  22    25 9975    0    0    0    0    0    0    0    0
26 11 4 1036.0  425.7  21    48 9952    0    0    0    0    0    0    0    0
26 12 1 7636.0 4094.7   4   236 3345 1299 5120    0    0    0    0    0    0
26 12 2 1199.0  458.1  28   798 9202    0    0    0    0    0    0    0    0
26 12 3 1085.7  406.8  29    33 9967    0    0    0    0    0    0    0    0
26 12 4 1073.0  387.2  25   112 9888    0    0    0    0    0    0    0    0
26 13 1 7686.0 3969.6   1   297 3336 1792 4575    0    0    0    0    0    0
26 13 2 1234.0  425.0  12   714 9286    0    0    0    0    0    0    0    0
26 13 3 1122.6  365.3  13    46 9954    0    0    0    0    0    0    0    0
26 13 4 1110.0  311.8  13   662 9338    0    0    0    0    0    0    0    0
26 14 1 7737.0 3746.4   1   313 3390 6297    0    0    0    0    0    0    0
26 14 2 1270.0  399.8  27   548 9452    0    0    0    0    0    0    0    0
26 14 3 1159.6  319.7  18   157 9843    0    0    0    0    0    0    0    0
26 14 4 1147.0  266.8  35   954 9046    0    0    0    0    0    0    0    0
26 15 1 7788.0 3633.6  -2   453 3985 5562    0    0    0    0    0    0    0
26 15 2 1307.0  373.7  12    19 9981    0    0    0    0    0    0    0    0
26 15 3 1197.6  232.9  12  1263 8737    0    0    0    0    0    0    0    0
26 15 4 1185.0  221.9  12  1263 8737    0    0    0    0    0    0    0    0
26 16 1 7838.0 3349.1  -1  3638 6362    0    0    0    0    0    0    0    0
26 17 1 7891.0 3288.9  -1  3692 6308    0    0    0    0    0    0    0    0
26 18 1 7989.0 3097.2   3  4015 5985    0    0    0    0    0    0    0    0
26 19 1 8088.0 2840.5   3  4404 5596    0    0    0    0    0    0    0    0
26 20 1 8187.0 2535.3   7  4887 5113    0    0    0    0    0    0    0    0
26 21 1 8286.0 2153.6   4  5521 4479    0    0    0    0    0    0    0    0
26 22 1 8384.0 2380.1   8  4903 5097    0    0    0    0    0    0    0    0
26 23 1 8482.0 4525.0   4     010000    0    0    0    0    0    0    0    0
27  1 1 7715.0 4903.6  10    73 1249 1082 1493 1083 1462 1513 1379  633   37
27  1 2  931.0  832.3 130     0  224 1242 2248 3175 2005 1021   85    0    0
27  1 3  800.1  752.7  53   197 2916 3075 3060  717   35    0    0    0    0
27  1 4  785.0  733.3  58   240 2404 3115 3401  801   39    0    0    0    0
27  1 5  107.0   85.4 321     0  739 9261    0    0    0    0    0    0    0
27  1 6   68.3   49.5  90     1 9999    0    0    0    0    0    0    0    0
27  1 7   66.0   47.1  93     1 9999    0    0    0    0    0    0    0    0
27  2 1 7763.0 4905.3   9    77 1418 1082 1595 3298 1196 1210  123    1    0
27  2 2  963.0  786.9  91     0  263 1703 2706 4987  332    9    0    0    0
27  2 3  833.1  743.6  50   178 3293 3047 3034  448    0    0    0    0    0
27  2 4  818.0  720.1  52   263 2988 3070 3173  506    0    0    0    0    0
27  2 5  130.0   67.2 287     0  366 9634    0    0    0    0    0    0    0
27  2 6   91.3   56.1 168     1 9999    0    0    0    0    0    0    0    0
27  2 7   89.0   53.7 172     1 9999    0    0    0    0    0    0    0    0
27  3 1 7811.0 4861.5   9    74 1254 1104 3435 1893 1981  257    2    0    0
27  3 2  996.0  744.1  77     0  267 1691 7095  931   16    0    0    0    0
27  3 3  866.1  715.8  50   197 2927 3131 3745    0    0    0    0    0    0
27  3 4  851.0  691.8  54   241 2412 3184 4163    0    0    0    0    0    0
27  3 5  153.0   36.1 294     0  304 9696    0    0    0    0    0    0    0
27  3 6  114.3   45.6 141     1 9999    0    0    0    0    0    0    0    0
27  3 7  112.0   43.3 144     1 9999    0    0    0    0    0    0    0    0
27  4 1 7859.0 4804.8   7    69 1070 2601 3023 2444  737   56    0    0    0
27  4 2 1028.0  717.3  62     0  322 8114 1525   39    0    0    0    0    0
27  4 3  899.1  675.7  45   220 2496 6418  866    0    0    0    0    0    0
27  4 4  884.0  649.6  49   206 1777 7029  988    0    0    0    0    0    0
27  4 5  176.0   69.8 140     010000    0    0    0    0    0    0    0    0
27  4 6  137.3   31.1 179     1 9999    0    0    0    0    0    0    0    0
27  4 7  135.0   28.8 182     1 9999    0    0    0    0    0    0    0    0
27  5 1 7906.0 4746.6   5    60 3260 1355 3109 1996  206   14    0    0    0
27  5 2 1060.0  666.4  66     0  357 8612 1031    0    0    0    0    0    0
27  5 3  933.1  645.8  30   249 8644 1100    7    0    0    0    0    0    0
27  5 4  918.0  620.6  36   152 8471 1368    9    0    0    0    0    0    0
27  5 5  199.0   43.9 133     010000    0    0    0    0    0    0    0    0
27  5 6  161.3    6.3 164     1 9999    0    0    0    0    0    0    0    0
27  5 7  159.0    4.0 167     2 9998    0    0    0    0    0    0    0    0
27  6 1 7954.0 4693.4   0   457 3315 1160 3997 1071    0    0    0    0    0
27  6 2 1092.0  606.8  30    76 1095 8829    0    0    0    0    0    0    0
27  6 3  967.0  612.2  12   285 9715    0    0    0    0    0    0    0    0
27  6 4  952.0  590.2  11    73 9927    0    0    0    0    0    0    0    0
27  6 5  222.0   11.8  93   158 9842    0    0    0    0    0    0    0    0
27  7 1 8002.0 4656.0   2   456 3342 1485 4717    0    0    0    0    0    0
27  7 2 1124.0  564.4  26   135 1639 8226    0    0    0    0    0    0    0
27  7 3 1001.0  586.4   9   264 9736    0    0    0    0    0    0    0    0
27  7 4  986.0  569.1   7    76 9924    0    0    0    0    0    0    0    0
27  8 1 8050.0 4606.6   4   447 3351 1479 4723    0    0    0    0    0    0
27  8 2 1156.0  598.5   3   848 9152    0    0    0    0    0    0    0    0
27  8 3 1034.0  559.9   6   212 9788    0    0    0    0    0    0    0    0
27  8 4 1019.0  546.8   5    61 9939    0    0    0    0    0    0    0    0
27  9 1 8098.0 4560.7   5   435 3364 1462 4739    0    0    0    0    0    0
27  9 2 1188.0  570.0  20   925 9075    0    0    0    0    0    0    0    0
27  9 3 1067.0  534.7  24   133 9867    0    0    0    0    0    0    0    0
27  9 4 1052.0  523.6  26    44 9956    0    0    0    0    0    0    0    0
27 10 1 8146.0 4509.6   0   419 3380 1432 4769    0    0    0    0    0    0
27 10 2 1221.0  542.3   5  1014 8986    0    0    0    0    0    0    0    0
27 10 3 1101.0  515.6   5    22 9978    0    0    0    0    0    0    0    0
27 10 4 1086.0  502.7   7    22 9978    0    0    0    0    0    0    0    0
27 11 1 8198.0 4438.8   2   362 3441 1326 4871    0    0    0    0    0    0
27 11 2 1258.0  528.2   8   993 9007    0    0    0    0    0    0    0    0
27 11 3 1138.0  499.2  12    26 9974    0    0    0    0    0    0    0    0
27 11 4 1123.0  484.4  13    34 9966    0    0    0    0    0    0    0    0
27 12 1 8250.0 4350.6   3   306 3506 1248 4940    0    0    0    0    0    0
27 12 2 1295.0  508.8  11   960 9040    0    0    0    0    0    0    0    0
27 12 3 1176.0  474.6  20    32 9968    0    0    0    0    0    0    0    0
27 12 4 1161.0  456.7  20    61 9939    0    0    0    0    0    0    0    0
27 13 1 8303.0 4251.4   4   260 3571 1320 4849    0    0    0    0    0    0
27 13 2 1332.0  483.7  26   907 9093    0    0    0    0    0    0    0    0
27 13 3 1215.0  438.6  27    41 9959    0    0    0    0    0    0    0    0
27 13 4 1200.0  415.4  24   142 9858    0    0    0    0    0    0    0    0
27 14 1 8355.0 4113.6   1   363 3534 1909 4194    0    0    0    0    0    0
27 14 2 1369.0  450.3  11   814 9186    0    0    0    0    0    0    0    0
27 14 3 1253.9  394.4  12    59 9941    0    0    0    0    0    0    0    0
27 14 4 1239.0  329.9  12   840 9160    0    0    0    0    0    0    0    0
27 15 1 8408.0 3885.4   1   400 3588 6012    0    0    0    0    0    0    0
27 15 2 1407.0  424.2  25   630 9370    0    0    0    0    0    0    0    0
27 15 3 1292.9  344.6  17   200 9800    0    0    0    0    0    0    0    0
27 15 4 1278.0  279.9  32  1196 8804    0    0    0    0    0    0    0    0
27 16 1 8461.0 3762.6  -2   598 4184 5218    0    0    0    0    0    0    0
27 16 2 1446.0  400.1  11    27 9973    0    0    0    0    0    0    0    0
27 16 3 1332.9  244.7  10  1560 8440    0    0    0    0    0    0    0    0
27 16 4 1318.0  232.1  10  1560 8440    0    0    0    0    0    0    0    0
27 17 1 8513.0 3462.0  -1  3887 6113    0    0    0    0    0    0    0    0
27 18 1 8569.0 3398.5  -1  3942 6058    0    0    0    0    0    0    0    0
27 19 1 8671.0 3187.7   3  4276 5724    0    0    0    0    0    0    0    0
27 20 1 8774.0 2909.2   3  4678 5322    0    0    0    0    0    0    0    0
27 21 1 8877.0 2576.9   6  5177 4823    0    0    0    0    0    0    0    0
27 22 1 8980.0 2157.0   3  5839 4161    0    0    0    0    0    0    0    0
27 23 1 9082.0 2384.3   7  5267 4733    0    0    0    0    0    0    0    0
27 24 1 9184.0 4887.0   4     010000    0    0    0    0    0    0    0    0
28  1 1 8338.0 4999.7  11   114 1571 1234 1600 1166 1411 1366 1084  412   44
28  1 2 1015.0  909.9 113     0  292 1558 2420 3049 1778  843   60    0    0
28  1 3  877.4  823.1  47   240 3137 3068 2870  655   30    0    0    0    0
28  1 4  860.0  797.1  48   344 2929 3081 2939  676   31    0    0    0    0
28  1 5  117.0   93.0 292     0  795 9205    0    0    0    0    0    0    0
28  1 6   75.8   55.5  73     1 9999    0    0    0    0    0    0    0    0
28  1 7   73.0   52.7  76     1 9999    0    0    0    0    0    0    0    0
28  2 1 8387.0 4968.9   7   116 1737 1227 1711 3057 1820  287   43    2    0
28  2 2 1048.0  882.3  77     0  376 2267 3113 4065  179    0    0    0    0
28  2 3  912.4  816.1  44   220 3452 3049 2889  390    0    0    0    0    0
28  2 4  895.0  787.7  44   363 3441 3010 2792  394    0    0    0    0    0
28  2 5  141.0   74.9 283     0  407 9593    0    0    0    0    0    0    0
28  2 6   99.8   61.4 149     010000    0    0    0    0    0    0    0    0
28  2 7   97.0   58.5 153     1 9999    0    0    0    0    0    0    0    0
28  3 1 8436.0 4920.5   6   114 1577 1262 3403 2771  726  141    6    0    0
28  3 2 1082.0  826.6  66     0  362 2134 6688  808    8    0    0    0    0
28  3 3  947.4  791.0  45   241 3147 3136 3476    0    0    0    0    0    0
28  3 4  930.0  763.8  46   345 2937 3153 3565    0    0    0    0    0    0
28  3 5  166.0   43.1 241     0  359 9641    0    0    0    0    0    0    0
28  3 6  124.8   52.8 145     1 9999    0    0    0    0    0    0    0    0
28  3 7  122.0   50.0 148     1 9999    0    0    0    0    0    0    0    0
28  4 1 8486.0 4863.1   5   110 1398 2738 3725 1386  543  100    0    0    0
28  4 2 1116.0  792.2  45     0  431 8200 1343   26    0    0    0    0    0
28  4 3  982.4  753.7  38   265 2798 6155  782    0    0    0    0    0    0
28  4 4  965.0  726.7  40   316 2381 6465  838    0    0    0    0    0    0
28  4 5  190.0   78.0  97     010000    0    0    0    0    0    0    0    0
28  4 6  148.8   36.8 124     1 9999    0    0    0    0    0    0    0    0
28  4 7  146.0   34.0 126     1 9999    0    0    0    0    0    0    0    0
28  5 1 8535.0 4805.5   5   103 3712 1387 2626 1668  473   31    0    0    0
28  5 2 1150.0  740.8  57     0  468 8819  713    0    0    0    0    0    0
28  5 3 1017.4  717.6  18   295 8696 1006    3    0    0    0    0    0    0
28  5 4 1000.0  691.1  17   270 8560 1166    4    0    0    0    0    0    0
28  5 5  215.0   59.5 131     010000    0    0    0    0    0    0    0    0
28  5 6  173.8   18.4 162     1 9999    0    0    0    0    0    0    0    0
28  5 7  171.0   15.6 164     1 9999    0    0    0    0    0    0    0    0
28  6 1 8585.0 4749.4   4   555 3705 1132 3529  991   88    0    0    0    0
28  6 2 1184.0  684.3  61    72 1102 8826    0    0    0    0    0    0    0
28  6 3 1053.4  686.3  27   332 9668    0    0    0    0    0    0    0    0
28  6 4 1036.0  661.7  32   200 9800    0    0    0    0    0    0    0    0
28  6 5  239.0   27.9 125    26 9974    0    0    0    0    0    0    0    0
28  7 1 8635.0 4703.5  -1   542 3739 1433 4286    0    0    0    0    0    0
28  7 2 1218.0  625.7  27   122 1415 8463    0    0    0    0    0    0    0
28  7 3 1089.4  650.3  10   392 9608    0    0    0    0    0    0    0    0
28  7 4 1072.0  631.4   9   113 9887    0    0    0    0    0    0    0    0
28  8 1 8685.0 4651.6   1   533 3750 1427 4290    0    0    0    0    0    0
28  8 2 1252.0  656.9   4   906 9094    0    0    0    0    0    0    0    0
28  8 3 1125.4  623.8   7   347 9653    0    0    0    0    0    0    0    0
28  8 4 1108.0  608.9   6    97 9903    0    0    0    0    0    0    0    0
28  9 1 8735.0 4601.7   4   519 3764 1413 4304    0    0    0    0    0    0
28  9 2 1286.0  627.9   2   978 9022    0    0    0    0    0    0    0    0
28  9 3 1160.4  596.4   4   276 9724    0    0    0    0    0    0    0    0
28  9 4 1143.0  584.8   3    78 9922    0    0    0    0    0    0    0    0
28 10 1 8785.0 4555.0   5   501 3782 1389 4328    0    0    0    0    0    0
28 10 2 1320.0  597.9  19  1063 8937    0    0    0    0    0    0    0    0
28 10 3 1195.4  571.7  22   172 9828    0    0    0    0    0    0    0    0
28 10 4 1178.0  560.6  24    54 9946    0    0    0    0    0    0    0    0
28 11 1 8835.0 4504.3   0   476 3804 1348 4372    0    0    0    0    0    0
28 11 2 1355.0  568.5   5  1161 8839    0    0    0    0    0    0    0    0
28 11 3 1231.5  554.0   5    25 9975    0    0    0    0    0    0    0    0
28 11 4 1214.0  539.0   7    25 9975    0    0    0    0    0    0    0    0
28 12 1 8889.0 4431.3   2   413 3875 1250 4462    0    0    0    0    0    0
28 12 2 1394.0  553.0   7  1137 8863    0    0    0    0    0    0    0    0
28 12 3 1270.5  535.6  10    30 9970    0    0    0    0    0    0    0    0
28 12 4 1253.0  518.5  12    40 9960    0    0    0    0    0    0    0    0
28 13 1 8943.0 4340.3   3   351 3949 1185 4515    0    0    0    0    0    0
28 13 2 1433.0  534.1   9  1100 8900    0    0    0    0    0    0    0    0
28 13 3 1310.5  510.9  19    37 9963    0    0    0    0    0    0    0    0
28 13 4 1293.0  490.0  19    71 9929    0    0    0    0    0    0    0    0
28 14 1 8998.0 4235.5   4   303 4019 1282 4396    0    0    0    0    0    0
28 14 2 1472.0  509.1  26  1039 8961    0    0    0    0    0    0    0    0
28 14 3 1351.5  472.3  27    49 9951    0    0    0    0    0    0    0    0
28 14 4 1334.0  445.3  23   167 9833    0    0    0    0    0    0    0    0
28 15 1 9053.0 4087.6   1   454 3945 1902 3699    0    0    0    0    0    0
28 15 2 1511.0  473.6  11   934 9066    0    0    0    0    0    0    0    0
28 15 3 1392.5  424.3  12    69 9931    0    0    0    0    0    0    0    0
28 15 4 1375.0  347.9  12   994 9006    0    0    0    0    0    0    0    0
28 16 1 9108.0 3861.1   1   515 3988 5497    0    0    0    0    0    0    0
28 16 2 1551.0  447.5  24   725 9275    0    0    0    0    0    0    0    0
28 16 3 1433.5  370.0  16   236 9764    0    0    0    0    0    0    0    0
28 16 4 1416.0  293.5  30  1400 8600    0    0    0    0    0    0    0    0
28 17 1 9163.0 3730.6  -2   779 4517 4704    0    0    0    0    0    0    0
28 17 2 1592.0  426.3  11    37 9963    0    0    0    0    0    0    0    0
28 17 3 1475.5  257.0   9  1802 8198    0    0    0    0    0    0    0    0
28 17 4 1458.0  242.7  10  1802 8198    0    0    0    0    0    0    0    0
28 18 1 9217.0 3414.3  -1  4382 5618    0    0    0    0    0    0    0    0
28 19 1 9275.0 3347.4  -1  4438 5562    0    0    0    0    0    0    0    0
28 20 1 9381.0 3117.9   2  4783 5217    0    0    0    0    0    0    0    0
28 21 1 9488.0 2821.0   3  5193 4807    0    0    0    0    0    0    0    0
28 22 1 9595.0 2470.9   5  5695 4305    0    0    0    0    0    0    0    0
28 23 1 9702.0 2032.0   3  6355 3645    0    0    0    0    0    0    0    0
28 24 1 9808.0 2257.6   6  5836 4164    0    0    0    0    0    0    0    0
28 25 1 9914.0 5262.0   4     010000    0    0    0    0    0    0    0    0
29  1 1 8986.0 5177.4   8   170 2012 1352 1651 1344 1495 1357  585   35    0
29  1 2 1103.0  985.2  88     0  423 2202 2695 2761 1424  494    1    0    0
29  1 3  958.0  896.0  36   274 3805 3091 2296  514   20    0    0    0    0
29  1 4  938.0  855.4  35   514 3839 2986 2155  487   19    0    0    0    0
29  1 5  127.0   98.5 260     0  905 9095    0    0    0    0    0    0    0
29  1 6   83.3   61.7  78     1 9999    0    0    0    0    0    0    0    0
29  1 7   80.0   58.4  81     1 9999    0    0    0    0    0    0    0    0
29  2 1 9035.0 5135.8   6   171 2015 1345 1771 2220 2059  418    2    0    0
29  2 2 1136.0  957.9  70     0  500 2621 3238 3291  350    0    0    0    0
29  2 3  995.0  889.8  38   274 3810 3079 2549  288    0    0    0    0    0
29  2 4  975.0  849.8  37   515 3843 2974 2395  273    0    0    0    0    0
29  2 5  153.0   80.4 248     0  644 9356    0    0    0    0    0    0    0
29  2 6  109.3   65.0 117     1 9999    0    0    0    0    0    0    0    0
29  2 7  106.0   61.7 121     1 9999    0    0    0    0    0    0    0    0
29  3 1 9086.0 5085.6   6   171 1867 1393 2680 2720 1155   13    1    0    0
29  3 2 1171.0  907.2  63     0  520 2673 5225 1569   13    0    0    0    0
29  3 3 1032.1  869.1  38   298 3545 3180 2977    0    0    0    0    0    0
29  3 4 1012.0  831.1  39   502 3406 3139 2953    0    0    0    0    0    0
29  3 5  179.0   51.9 235     0  577 9423    0    0    0    0    0    0    0
29  3 6  135.3   58.8 128     1 9999    0    0    0    0    0    0    0    0
29  3 7  132.0   55.5 132     1 9999    0    0    0    0    0    0    0    0
29  4 1 9137.0 5024.9   4   169 1702 2305 3290 2310  193   30    1    0    0
29  4 2 1207.0  868.0  52     0  595 5800 3356  249    0    0    0    0    0
29  4 3 1069.1  833.2  38   326 3247 4314 2113    0    0    0    0    0    0
29  4 4 1049.0  796.6  36   479 2923 5428 1170    0    0    0    0    0    0
29  4 5  205.0   88.5 100     010000    0    0    0    0    0    0    0    0
29  4 6  161.4   44.8 127     1 9999    0    0    0    0    0    0    0    0
29  4 7  158.0   41.5 130     1 9999    0    0    0    0    0    0    0    0
29  5 1 9188.0 4968.6   4   163 2914 2081 3637  930  208   67    0    0    0
29  5 2 1243.0  815.4  42     0  612 8267 1121    0    0    0    0    0    0
29  5 3 1106.1  793.7  32   360 4199 4767  674    0    0    0    0    0    0
29  5 4 1086.0  760.7  24   439 6915 2568   78    0    0    0    0    0    0
29  5 5  231.0   68.5  88     010000    0    0    0    0    0    0    0    0
29  5 6  187.4   24.9 109     1 9999    0    0    0    0    0    0    0    0
29  5 7  184.0   21.5 111     2 9998    0    0    0    0    0    0    0    0
29  6 1 9240.0 4917.2   4   486 3622 1599 3093  911  289    0    0    0    0
29  6 2 1279.0  760.1  53    48  532 9420    0    0    0    0    0    0    0
29  6 3 1143.1  764.2  15   401 8645  954    0    0    0    0    0    0    0
29  6 4 1123.0  731.8  16   377 8491 1132    0    0    0    0    0    0    0
29  6 5  257.0   45.9 121    10 9990    0    0    0    0    0    0    0    0
29  6 6  213.4    2.4 145     1 9999    0    0    0    0    0    0    0    0
29  7 1 9294.0 4871.6   4   634 3951 1456 3959    0    0    0    0    0    0
29  7 2 1315.0  702.8  58   119 1485 8396    0    0    0    0    0    0    0
29  7 3 1181.2  730.8  25   453 9547    0    0    0    0    0    0    0    0
29  7 4 1161.0  703.8  30   281 9719    0    0    0    0    0    0    0    0
29  7 5  283.0   10.0 113    29 9971    0    0    0    0    0    0    0    0
29  8 1 9344.0 4806.8  -2   613 3969 1430 3988    0    0    0    0    0    0
29  8 2 1351.0  716.9   4   975 9025    0    0    0    0    0    0    0    0
29  8 3 1219.2  689.2   8   534 9466    0    0    0    0    0    0    0    0
29  8 4 1199.0  672.5   6   157 9843    0    0    0    0    0    0    0    0
29  9 1 9396.0 4753.2   1   600 3984 1419 3997    0    0    0    0    0    0
29  9 2 1387.0  687.6   4  1050 8950    0    0    0    0    0    0    0    0
29  9 3 1257.2  661.7   7   477 9523    0    0    0    0    0    0    0    0
29  9 4 1237.0  649.3   6   135 9865    0    0    0    0    0    0    0    0
29 10 1 9448.0 4701.3   3   581 4003 1399 4017    0    0    0    0    0    0
29 10 2 1423.0  655.8   1  1137 8863    0    0    0    0    0    0    0    0
29 10 3 1294.2  632.8   3   383 9617    0    0    0    0    0    0    0    0
29 10 4 1274.0  623.1   1   107 9893    0    0    0    0    0    0    0    0
29 11 1 9500.0 4653.6   4   553 4028 1365 4054    0    0    0    0    0    0
29 11 2 1459.0  623.4  18  1238 8762    0    0    0    0    0    0    0    0
29 11 3 1331.3  609.1  21   240 9760    0    0    0    0    0    0    0    0
29 11 4 1311.0  598.4  23    74 9926    0    0    0    0    0    0    0    0
29 12 1 9552.0 4602.5   0   515 4061 1304 4120    0    0    0    0    0    0
29 12 2 1496.0  590.8   4  1357 8643    0    0    0    0    0    0    0    0
29 12 3 1369.3  593.1   4    32 9968    0    0    0    0    0    0    0    0
29 12 4 1349.0  575.8   6    32 9968    0    0    0    0    0    0    0    0
29 13 1 9609.0 4526.6   2   448 4137 1214 4201    0    0    0    0    0    0
29 13 2 1537.0  574.2   6  1329 8671    0    0    0    0    0    0    0    0
29 13 3 1410.3  573.7   9    38 9962    0    0    0    0    0    0    0    0
29 13 4 1390.0  553.8  10    49 9951    0    0    0    0    0    0    0    0
29 14 1 9665.0 4431.1   3   383 4214 1164 4239    0    0    0    0    0    0
29 14 2 1578.0  555.4   8  1287 8713    0    0    0    0    0    0    0    0
29 14 3 1452.3  547.2  18    47 9953    0    0    0    0    0    0    0    0
29 14 4 1432.0  522.8  18    88 9912    0    0    0    0    0    0    0    0
29 15 1 9722.0 4319.9   3   338 4284 1292 4086    0    0    0    0    0    0
29 15 2 1619.0  529.9  24  1217 8783    0    0    0    0    0    0    0    0
29 15 3 1495.4  505.6  25    60 9940    0    0    0    0    0    0    0    0
29 15 4 1475.0  473.7  22   206 9794    0    0    0    0    0    0    0    0
29 16 1 9779.0 4160.3   1   545 4168 1953 3334    0    0    0    0    0    0
29 16 2 1660.0  493.8   9  1097 8903    0    0    0    0    0    0    0    0
29 16 3 1538.4  454.1  10    86 9914    0    0    0    0    0    0    0    0
29 16 4 1518.0  363.6  10  1188 8812    0    0    0    0    0    0    0    0
29 17 1 9836.0 3932.3   1   637 4198 5165    0    0    0    0    0    0    0
29 17 2 1702.0  469.3  22   857 9143    0    0    0    0    0    0    0    0
29 17 3 1581.4  395.7  15   293 9707    0    0    0    0    0    0    0    0
29 17 4 1561.0  305.2  27  1659 8341    0    0    0    0    0    0    0    0
29 18 1 9893.0 3792.3  -2   979 4685 4336    0    0    0    0    0    0    0
29 18 2 1745.0  453.4  10    49 9951    0    0    0    0    0    0    0    0
29 18 3 1625.4  266.7   9  2120 7880    0    0    0    0    0    0    0    0
29 18 4 1605.0  250.6   9  2120 7880    0    0    0    0    0    0    0    0
29 19 1 9949.0 3462.6  -1  4677 5323    0    0    0    0    0    0    0    0
29 20 110009.0 3392.4  -1  4734 5266    0    0    0    0    0    0    0    0
29 21 110119.0 3145.4   2  5085 4915    0    0    0    0    0    0    0    0
29 22 110230.0 2829.4   3  5499 4501    0    0    0    0    0    0    0    0
29 23 110341.0 2456.1   5  6007 3993    0    0    0    0    0    0    0    0
29 24 110452.0 1986.2   2  6678 3322    0    0    0    0    0    0    0    0
29 25 110562.0 2201.7   5  6215 3785    0    0    0    0    0    0    0    0
29 26 110672.0 5651.0   4     010000    0    0    0    0    0    0    0    0
30  1 1 9663.0 5582.7  12   232 2013 1417 1659 1338 1341  994  684  258   65
30  1 2 1198.0 1064.8  87     0  526 2185 2752 2683 1303  505   46    0    0
30  1 3 1047.2  973.4  32   362 3884 3118 2174  444   18    0    0    0    0
30  1 4 1024.0  917.7  32   699 3739 3012 2100  432   18    0    0    0    0
30  1 5  141.0  108.4 202     0 1524 8476    0    0    0    0    0    0    0
30  1 6   94.9   72.6  53     1 9999    0    0    0    0    0    0    0    0
30  1 7   91.0   68.7  55     2 9998    0    0    0    0    0    0    0    0
30  2 1 9708.0 5556.6  14   232 2016 1411 1719 1333 1604 1416  257   13    0
30  2 2 1228.0 1027.5  90     0  556 2315 2955 2700 1212  262    0    0    0
30  2 3 1081.2  966.8  38   362 3888 3106 2282  351   11    0    0    0    0
30  2 4 1058.0  911.2  37   701 3742 3001 2204  342   10    0    0    0    0
30  2 5  165.0   93.1 232     0 1184 8816    0    0    0    0    0    0    0
30  2 6  118.9   71.1  83     1 9999    0    0    0    0    0    0    0    0
30  2 7  115.0   67.1  85     2 9998    0    0    0    0    0    0    0    0
30  3 1 9760.0 5504.0  11   233 2018 1453 1883 2805 1583   22    3    0    0
30  3 2 1264.0  992.4  74     0  650 2891 3168 3168  123    0    0    0    0
30  3 3 1120.3  954.8  42   363 3892 3194 2551    0    0    0    0    0    0
30  3 4 1097.0  899.5  41   701 3746 3086 2467    0    0    0    0    0    0
30  3 5  192.0   65.4 254     0  767 9233    0    0    0    0    0    0    0
30  3 6  145.9   66.5 135     1 9999    0    0    0    0    0    0    0    0
30  3 7  142.0   62.6 139     2 9998    0    0    0    0    0    0    0    0
30  4 1 9813.0 5444.1  10   233 1877 1449 3325 2876  203   36    1    0    0
30  4 2 1301.0  954.5  63     0  791 3086 5542  581    0    0    0    0    0
30  4 3 1159.3  923.1  42   395 3636 3190 2779    0    0    0    0    0    0
30  4 4 1136.0  870.6  42   685 3333 3148 2834    0    0    0    0    0    0
30  4 5  220.0  101.2 105     010000    0    0    0    0    0    0    0    0
30  4 6  174.0   55.2 133     1 9999    0    0    0    0    0    0    0    0
30  4 7  170.0   51.2 136     2 9998    0    0    0    0    0    0    0    0
30  5 1 9866.0 5386.5   9   230 1712 2856 4030  871  275   24    2    0    0
30  5 2 1339.0  900.2  50     0  757 8118 1125    0    0    0    0    0    0
30  5 3 1198.3  885.1  38   433 3326 5630  611    0    0    0    0    0    0
30  5 4 1175.0  835.4  39   654 2859 5833  654    0    0    0    0    0    0
30  5 5  247.0   81.8 103     010000    0    0    0    0    0    0    0    0
30  5 6  201.0   35.8 126     1 9999    0    0    0    0    0    0    0    0
30  5 7  197.0   31.8 129     2 9998    0    0    0    0    0    0    0    0
30  6 1 9919.0 5334.7   9   222 3988 1621 2717 1231  221    0    0    0    0
30  6 2 1377.0  846.9  45     0  789 9211    0    0    0    0    0    0    0
30  6 3 1237.3  851.3  23   479 8702  819    0    0    0    0    0    0    0
30  6 4 1214.0  806.4  24   602 8457  941    0    0    0    0    0    0    0
30  6 5  275.0   58.9  95     010000    0    0    0    0    0    0    0    0
30  6 6  229.0   13.0 114     2 9998    0    0    0    0    0    0    0    0
30  6 7  225.0    9.0 116     2 9998    0    0    0    0    0    0    0    0
30  7 1 9973.0 5295.6   9   713 3919 1312 3195  861    0    0    0    0    0
30  7 2 1415.0  786.6  57    85 1345 8140  430    0    0    0    0    0    0
30  7 3 1276.4  819.5  20   535 9465    0    0    0    0    0    0    0    0
30  7 4 1253.0  780.3  18   518 9482    0    0    0    0    0    0    0    0
30  7 5  303.0   34.9 132    17 9983    0    0    0    0    0    0    0    0
30  8 110028.0 5235.5  10   696 3934 1544 3826    0    0    0    0    0    0
30  8 2 1453.0  807.2  26   993 9007    0    0    0    0    0    0    0    0
30  8 3 1316.4  776.8  27   621 9379    0    0    0    0    0    0    0    0
30  8 4 1293.0  749.9  33   410 9590    0    0    0    0    0    0    0    0
30  9 110082.0 5170.9   5   658 3966 1505 3871    0    0    0    0    0    0
30  9 2 1491.0  763.5  14  1122 8878    0    0    0    0    0    0    0    0
30  9 3 1356.4  739.0  17   712 9288    0    0    0    0    0    0    0    0
30  9 4 1333.0  728.6  17   215 9785    0    0    0    0    0    0    0    0
30 10 110136.0 5118.3   8   640 3984 1491 3885    0    0    0    0    0    0
30 10 2 1529.0  731.3  12  1211 8789    0    0    0    0    0    0    0    0
30 10 3 1396.5  710.5  16   641 9359    0    0    0    0    0    0    0    0
30 10 4 1373.0  704.6  16   184 9816    0    0    0    0    0    0    0    0
30 11 110190.0 5072.7  11   615 4007 1464 3914    0    0    0    0    0    0
30 11 2 1567.0  699.0  11  1314 8686    0    0    0    0    0    0    0    0
30 11 3 1435.5  684.9  13   520 9480    0    0    0    0    0    0    0    0
30 11 4 1412.0  680.3  13   146 9854    0    0    0    0    0    0    0    0
30 12 110244.0 5027.0  12   577 4040 1415 3968    0    0    0    0    0    0
30 12 2 1605.0  666.6  29  1434 8566    0    0    0    0    0    0    0    0
30 12 3 1474.5  667.2  34   329 9671    0    0    0    0    0    0    0    0
30 12 4 1451.0  658.9  37    99 9901    0    0    0    0    0    0    0    0
30 13 110298.0 4971.3   8   523 4085 1327 4065    0    0    0    0    0    0
30 13 2 1644.0  630.6  16  1575 8425    0    0    0    0    0    0    0    0
30 13 3 1514.6  656.9  19    39 9961    0    0    0    0    0    0    0    0
30 13 4 1491.0  636.6  22    39 9961    0    0    0    0    0    0    0    0
30 14 110357.0 4883.0   8   457 4160 1242 4141    0    0    0    0    0    0
30 14 2 1687.0  611.9  16  1545 8455    0    0    0    0    0    0    0    0
30 14 3 1557.6  633.9  22    47 9953    0    0    0    0    0    0    0    0
30 14 4 1534.0  608.8  23    61 9939    0    0    0    0    0    0    0    0
30 15 110415.0 4792.8  11   394 4235 1204 4167    0    0    0    0    0    0
30 15 2 1730.0  592.0  18  1498 8502    0    0    0    0    0    0    0    0
30 15 3 1601.6  603.7  30    58 9942    0    0    0    0    0    0    0    0
30 15 4 1578.0  575.2  30   109 9891    0    0    0    0    0    0    0    0
30 16 110474.0 4681.9  12   357 4301 1372 3970    0    0    0    0    0    0
30 16 2 1773.0  556.5  26  1421 8579    0    0    0    0    0    0    0    0
30 16 3 1646.7  545.4  27    75 9925    0    0    0    0    0    0    0    0
30 16 4 1623.0  508.5  25   254 9746    0    0    0    0    0    0    0    0
30 17 110533.0 4505.8  10   617 4152 2096 3135    0    0    0    0    0    0
30 17 2 1816.0  533.4  20  1287 8713    0    0    0    0    0    0    0    0
30 17 3 1691.7  508.8  24   106 9894    0    0    0    0    0    0    0    0
30 17 4 1668.0  398.5  21  1409 8591    0    0    0    0    0    0    0    0
30 18 110592.0 4266.9  10   738 4178 5084    0    0    0    0    0    0    0
30 18 2 1860.0  510.3  32  1013 8987    0    0    0    0    0    0    0    0
30 18 3 1736.7  443.1  27   362 9638    0    0    0    0    0    0    0    0
30 18 4 1713.0  333.5  36  1948 8052    0    0    0    0    0    0    0    0
30 19 110651.0 4101.8   6  1147 4673 4180    0    0    0    0    0    0    0
30 19 2 1905.0  503.1  21    64 9936    0    0    0    0    0    0    0    0
30 19 3 1782.7  291.2  17  2470 7530    0    0    0    0    0    0    0    0
30 19 4 1759.0  273.4  18  2470 7530    0    0    0    0    0    0    0    0
30 20 110709.0 3741.1   5  4702 5298    0    0    0    0    0    0    0    0
30 21 110772.0 3666.2   4  4758 5242    0    0    0    0    0    0    0    0
30 22 110886.0 3370.4   5  5112 4888    0    0    0    0    0    0    0    0
30 23 111001.0 3026.7   5  5532 4468    0    0    0    0    0    0    0    0
30 24 111116.0 2612.9   6  6049 3951    0    0    0    0    0    0    0    0
30 25 111231.0 2101.2   4  6742 3258    0    0    0    0    0    0    0    0
30 26 111345.0 2310.7   6  6322 3678    0    0    0    0    0    0    0    0
30 27 111459.0 6123.0  10     010000    0    0    0    0    0    0    0    0
