10 30
13.60 0.0 0.0 0.0 0.0 0.0 0.0 0.0 0.0 0.0
24.59 0.0 0.0 0.0 0.0 0.0 0.0 0.0 0.0 0.0
58 5.392 0.0 0.0 0.0 0.0 0.0 0.0 0.0 0.0
115 9.322 0.0 0.0 0.0 0.0 0.0 0.0 0.0 0.0
192 12.93 8.298 0.0 0.0 0.0 0.0 0.0 0.0 0.0
288 16.59 11.26 0.0 0.0 0.0 0.0 0.0 0.0 0.0
403 20.33 14.53 14.53 0.0 0.0 0.0 0.0 0.0 0.0
538 28.48 13.62 13.62 0.0 0.0 0.0 0.0 0.0 0.0
694 37.85 17.42 17.42 0.0 0.0 0.0 0.0 0.0 0.0
870.1 48.47 21.66 21.56 0.0 0.0 0.0 0.0 0.0 0.0
1075 66 34 34 5.139 0.0 0.0 0.0 0.0 0.0
1308 92 54 54 7.646 0.0 0.0 0.0 0.0 0.0
1564 121 77 77 10.62 5.986 0.0 0.0 0.0 0.0
1844 154 104 104 13.46 8.151 0.0 0.0 0.0 0.0
2148 191 135 134 16.15 10.49 0.0 0.0 0.0 0.0
2476 232 170 168 20.20 10.36 10.36 0.0 0.0 0.0
2829 277 208 206 24.54 12.97 0.0 0.0 0.0 0.0
3206.3 326.5 250.6 248.5 29.24 15.94 15.76 0.0 0.0 0.0
3610 381 299 296 37 19 18.7 0.0 0.0 4.341
4041 441 353 349 46 28 28 0.0 0.0 6.113
4494 503 408 403 55 33 33 8 0.0 6.540
4970 567 465 459 64 39 38 8 0.0 6.820
5470 633 525 518 72 44 43 8 0.0 6.740
5995 702 589 580 80 49 48 8.25 0.0 6.765
6544 775 656 645 89 55 53 9 0.0 7.434
7117 851 726 713 98 61 59 9 0.0 7.870
7715 931 800 785 107 68 66 9 0.0 7.864
8338 1015 877 860 117 75 73 10 10 7.635
8986 1103 958 938 127 82 80 11 10.4 7.726
9663 1198 1047 1024 141 94 91 12 11.2 9.394
