390
 1  1 1 0    13.60  22.8 -12.000  1.90  -22.60
 2  2 1 0    24.60  17.8 -11.000  7.00  -23.20
 2  1 1 0    54.40  14.4  -5.600  1.90  -13.30
 6  6 2 1    11.30   6.0 -16.000 12.00  -15.10
 6  6 2 0    16.60  24.3  -7.800  2.50  -24.00
 6  5 2 1    24.40  16.0  -9.000  2.50  -10.50
 6  5 2 0    30.90  23.7  -7.600  2.50  -21.70
 6  4 2 0    47.90  23.2  -7.400  2.50  -19.40
 6  4 1 0   325.00  20.0  -5.600  4.10  -18.00
 6  3 2 0    64.50   8.2  -2.700  1.40   -6.60
 6  3 1 0   343.00  20.0  -5.600  4.10  -18.00
 6  2 1 0   392.00  20.4  -6.100  4.50  -18.00
 6  1 1 0   490.00  12.2  -3.900  1.90  -10.30
 7  7 2 1    14.50  19.5 -30.500 15.00  -29.00
 7  7 2 0    20.30  19.0  -4.500  2.80  -20.20
 7  6 2 1    29.60  21.0  -9.000  5.30  -22.50
 7  6 2 0    36.70  18.5  -4.300  2.80  -18.00
 7  5 2 1    47.40  16.0  -7.500  2.30  -10.00
 7  5 2 0    55.80  18.1  -4.000  2.80  -15.80
 7  4 2 0    77.50  17.6  -3.800  2.80  -13.60
 7  4 1 0   471.00  20.5  -5.800  4.10  -18.00
 7  3 2 0    97.90  10.5  -3.300  1.40   -7.70
 7  3 1 0   493.00  20.5  -5.800  4.10  -18.00
 7  2 1 0   552.00  20.8  -6.300  4.40  -18.20
 7  1 1 0   667.00  12.3  -4.000  1.90  -10.30
 8  8 2 1    13.60   9.5 -17.500 12.50  -19.50
 8  8 2 0    28.50  18.2  -4.000  2.80  -20.20
 8  7 2 1    35.10  25.0  -8.000  8.40  -29.50
 8  7 2 0    42.60  17.8  -3.800  2.90  -18.10
 8  6 2 1    54.90  25.0  -7.000  5.00  -18.00
 8  6 2 0    63.80  17.3  -3.500  2.90  -16.10
 8  5 2 1    77.40  15.0  -5.000  2.20  -10.50
 8  5 2 0    87.60  16.8  -3.300  2.80  -14.10
 8  4 2 0   114.00  16.4  -3.000  2.90  -12.00
 8  4 1 0   644.00  20.8  -6.000  4.10  -18.00
 8  3 2 0   138.00  10.4  -3.300  1.40   -7.40
 8  3 1 0   670.00  20.8  -6.000  4.10  -18.00
 8  2 1 0   739.00  21.2  -6.500  4.30  -18.40
 8  1 1 0   871.00  12.3  -4.000  1.90  -10.30
10 10 2 1    21.60  40.0 -42.000 18.00  -56.00
10 10 2 0    48.50  19.0  -4.900  2.80  -22.00
10  9 2 1    41.10  37.0 -33.000 15.50  -46.00
10  9 2 0    66.40  18.6  -4.600  2.80  -20.20
10  8 2 1    63.50  33.0 -17.500 11.20  -33.00
10  8 2 0    86.20  18.2  -4.400  2.80  -18.40
10  7 2 1    97.10  34.0 -10.000  7.50  -25.00
10  7 2 0   108.00  17.8  -4.000  2.80  -16.70
10  6 2 1   126.00  25.5  -8.500  4.50  -16.80
10  6 2 0   139.00  17.4  -3.800  2.80  -14.90
10  5 2 1   158.00  14.5  -4.600  1.90   -8.50
10  5 2 0   172.00  16.9  -3.400  2.80  -13.20
10  4 2 0   207.00  16.5  -3.100  2.80  -11.40
10  4 1 0  1073.00  21.5  -6.400  4.10  -18.00
10  3 2 0   239.00  10.1  -3.100  1.40   -7.10
10  3 1 0  1107.00  21.5  -6.400  4.10  -18.00
10  2 1 0  1196.00  21.9  -6.800  4.20  -18.70
10  1 1 0  1362.00  12.5  -4.100  1.90  -10.40
11 11 3 0     5.10  16.0  -1.000  0.20  -13.50
11 11 2 1    34.00  63.9 -27.000 33.00  -80.00
11 10 2 1    47.30  40.0 -28.000 19.40  -60.00
11 10 2 0    80.10  19.2  -5.300  2.80  -21.20
11  9 2 1    71.70  50.1 -20.200 14.80  -41.70
11  9 2 0   102.00  18.8  -5.000  2.80  -19.60
11  8 2 1    99.00  43.3 -16.300 10.70  -33.40
11  8 2 0   126.00  18.4  -4.700  2.80  -18.00
11  7 2 1   138.00  35.1 -12.400  7.20  -25.10
11  7 2 0   151.00  18.0  -4.300  2.80  -16.30
11  6 2 1   172.00  25.5  -8.500  4.20  -16.80
11  6 2 0   186.00  17.6  -4.000  2.80  -14.70
11  5 2 1   208.00  14.5  -4.600  1.80   -8.50
11  5 2 0   224.00  17.2  -3.700  2.80  -13.10
11  4 2 0   264.00  16.8  -3.400  2.80  -11.40
11  4 1 0  1328.00  21.7  -6.500  4.10  -18.00
11  3 2 0   300.00  10.0  -3.000  1.40   -6.90
11  3 1 0  1366.00  21.7  -6.500  4.10  -18.00
11  2 1 0  1465.00  22.2  -7.000  4.20  -18.80
11  1 1 0  1649.00  12.5  -4.100  1.90  -10.40
12 12 3 0     7.60  18.0  -1.000  0.60   -4.00
12 12 2 1    54.00  37.7 -30.000 24.80  -62.00
12 12 2 0    92.20  17.6  -5.200  3.30  -19.00
12 11 3 0    15.00   9.0  -3.600  0.30   -5.40
12 11 2 1    65.00  37.7 -30.000 24.80  -62.00
12 11 2 0   104.50  17.6  -5.200  3.30  -19.00
12 10 2 1    80.10  55.5 -24.100 18.70  -65.00
12 10 2 0   119.00  19.3  -5.600  2.80  -20.50
12  9 2 1   109.00  50.1 -20.200 14.20  -41.70
12  9 2 0   144.00  19.0  -5.300  2.80  -19.00
12  8 2 1   141.00  43.3 -16.300 10.30  -33.40
12  8 2 0   172.00  18.6  -4.900  2.80  -17.50
12  7 2 1   187.00  35.1 -12.400  6.90  -25.10
12  7 2 0   201.00  18.2  -4.600  2.80  -16.00
12  6 2 1   225.00  25.5  -8.500  4.10  -16.80
12  6 2 0   241.00  18.0  -4.300  2.80  -14.50
12  5 2 1   266.00  14.5  -4.600  1.80   -8.50
12  5 2 0   283.00  17.5  -4.000  2.80  -13.00
12  4 2 0   328.00  17.1  -3.600  2.70  -11.50
12  4 1 0  1611.00  22.0  -6.700  4.10  -18.00
12  3 2 0   367.00  10.0  -3.000  1.40   -6.80
12  3 1 0  1653.00  22.0  -6.700  4.10  -18.00
12  2 1 0  1762.00  22.4  -7.100  4.10  -18.90
12  1 1 0  1963.00  12.6  -4.200  1.90  -10.40
13 13 3 1     6.00  47.0 -26.000  0.60  -39.00
13 13 3 0    10.60  55.1 -37.200  1.40  -41.00
13 12 3 0    18.80  17.0  -6.000  1.00   -8.00
13 12 2 1    90.00  31.3 -22.700 21.00  -44.10
13 12 2 0   131.00  12.1  -3.500  3.30  -13.10
13 11 3 0    28.40   6.3  -2.400  0.50   -4.10
13 11 2 1   103.00  31.3 -22.700 21.00  -44.10
13 11 2 0   145.60  12.1  -3.500  3.30  -13.10
13 10 2 1   120.00  72.0 -24.100 18.00  -50.00
13 10 2 0   164.00  19.5  -5.900  2.80  -19.80
13  9 2 1   154.00  60.8 -20.200 13.70  -41.70
13  9 2 0   194.00  19.1  -5.500  2.80  -18.40
13  8 2 1   190.00  49.5 -16.300  9.90  -33.40
13  8 2 0   225.00  18.9  -5.200  2.80  -17.10
13  7 2 1   241.00  38.3 -12.400  6.70  -25.10
13  7 2 0   258.00  18.4  -4.800  2.80  -15.70
13  6 2 1   285.00  27.0  -8.500  3.90  -16.80
13  6 2 0   302.00  18.2  -4.500  2.80  -14.30
13  5 2 1   330.00  14.0  -4.600  1.70   -8.50
13  5 2 0   350.00  17.9  -4.100  2.80  -13.00
13  4 2 0   399.00  17.4  -3.800  2.70  -11.60
13  4 1 0  1921.00  22.2  -6.800  4.10  -18.00
13  3 2 0   442.00   9.9  -3.000  1.40   -6.70
13  3 1 0  1967.00  22.2  -6.800  4.10  -18.00
13  2 1 0  2086.00  22.7  -7.200  4.10  -19.00
13  1 1 0  2304.00  12.6  -4.200  1.90  -10.40
14 14 3 1     8.10  74.5 -49.400  1.30  -54.60
14 14 3 0    13.50  53.8 -35.800  1.40  -40.70
14 13 3 1    16.30  50.4 -33.400  0.60  -36.90
14 13 3 0    22.90  55.1 -37.200  1.40  -41.00
14 12 3 0    33.50  19.8  -5.700  1.30  -11.90
14 12 2 1   133.00  66.7 -24.800 18.70  -65.00
14 12 2 0   176.60  22.0  -7.200  3.30  -20.90
14 11 3 0    45.10   9.0  -3.000  0.60   -5.80
14 11 2 1   148.00  66.7 -24.800 18.70  -65.00
14 11 2 0   193.50  22.0  -7.200  3.30  -20.90
14 10 2 1   167.00  72.0 -24.100 17.40  -50.00
14 10 2 0   217.00  19.6  -6.200  2.80  -19.00
14  9 2 1   205.00  60.8 -20.200 13.20  -41.70
14  9 2 0   250.00  19.3  -5.800  2.80  -17.80
14  8 2 1   246.00  49.5 -16.300  9.60  -33.40
14  8 2 0   285.00  19.0  -5.400  2.80  -16.60
14  7 2 1   303.00  38.3 -12.400  6.40  -25.10
14  7 2 0   321.00  18.6  -5.100  2.80  -15.40
14  6 2 1   351.00  27.0  -8.500  3.80  -16.80
14  6 2 0   371.00  18.3  -4.700  2.80  -14.10
14  5 2 1   401.00  14.0  -4.600  1.60   -8.50
14  5 2 0   423.00  18.0  -4.300  2.80  -12.90
14  4 2 0   476.00  17.7  -4.000  2.70  -11.70
14  4 1 0  2259.00  22.4  -6.900  4.10  -18.00
14  3 2 0   523.00   9.8  -2.900  1.40   -6.60
14  3 1 0  2309.00  22.4  -6.900  4.10  -18.00
14  2 1 0  2438.00  22.9  -7.300  4.00  -19.10
14  1 1 0  2673.00  12.7  -4.300  1.90  -10.40
16 16 3 1    10.40   6.0 -22.000 20.00  -20.00
16 16 3 0    20.20  51.3 -33.200  1.40  -40.20
16 15 3 1    23.40  98.7 -65.400  1.90  -72.30
16 15 3 0    30.70  52.5 -34.500  1.40  -40.50
16 14 3 1    35.00  74.5 -49.400  1.30  -54.60
16 14 3 0    43.80  53.8 -35.800  1.40  -40.70
16 13 3 1    47.30  50.4 -33.400  0.60  -36.90
16 13 3 0    57.60  55.1 -37.200  1.40  -41.00
16 12 3 0    72.70  19.8  -5.700  1.60  -11.90
16 12 2 1   239.00  73.2 -27.000 15.80  -61.10
16 12 2 0   288.20  23.1  -8.000  3.30  -19.50
16 11 3 0    88.10   9.0  -2.800  0.70   -5.40
16 11 2 1   257.00  73.2 -27.000 15.80  -61.10
16 11 2 0   309.70  23.1  -8.000  3.30  -19.50
16 10 2 1   281.00  72.0 -24.100 14.20  -50.00
16 10 2 0   343.00  19.6  -6.800  2.80  -17.50
16  9 2 1   328.00  60.8 -20.200 10.90  -41.70
16  9 2 0   384.00  19.3  -6.300  2.80  -16.60
16  8 2 1   379.00  49.5 -16.300  8.00  -33.40
16  8 2 0   426.00  19.1  -5.900  2.80  -15.60
16  7 2 1   447.00  38.3 -12.400  5.50  -25.10
16  7 2 0   469.00  18.8  -5.500  2.80  -14.70
16  6 2 1   505.00  27.0  -8.500  3.30  -16.80
16  6 2 0   528.00  18.6  -5.100  2.80  -13.70
16  5 2 1   564.00  14.0  -4.600  1.50   -8.50
16  5 2 0   589.00  18.3  -4.700  2.80  -12.80
16  4 2 0   652.00  18.1  -4.400  2.70  -11.80
16  4 1 0  3017.00  22.8  -7.100  4.10  -18.00
16  3 2 0   707.00   9.7  -2.800  1.40   -6.40
16  3 1 0  3075.00  22.8  -7.100  4.10  -18.00
16  2 1 0  3224.00  23.3  -7.600  4.00  -19.30
16  1 1 0  3493.00  12.8  -4.300  1.90  -10.50
18 18 3 1    15.80 171.1 -78.000  3.80 -169.00
18 18 3 0    29.20  48.7 -30.500  1.40  -39.70
18 17 3 1    27.60 147.0 -97.400  3.20 -107.70
18 17 3 0    41.70  50.0 -31.800  1.40  -40.00
18 16 3 1    40.90 122.8 -81.400  2.60  -90.00
18 16 3 0    55.50  51.3 -33.200  1.40  -40.20
18 15 3 1    59.70  98.7 -65.400  1.90  -72.30
18 15 3 0    70.40  52.5 -34.500  1.40  -40.50
18 14 3 1    75.20  74.5 -49.400  1.30  -54.60
18 14 3 0    87.60  53.8 -35.800  1.40  -40.70
18 13 3 1    91.20  50.4 -33.400  0.60  -36.90
18 13 3 0   105.00  55.1 -37.200  1.40  -41.00
18 12 3 0   125.00  19.8  -5.700  1.90  -11.90
18 12 2 1   373.00  74.8 -27.000 14.10  -58.60
18 12 2 0   427.00  23.4  -8.300  3.30  -18.50
18 11 3 0   143.00   9.0  -2.700  0.80   -5.40
18 11 2 1   394.00  74.8 -27.000 14.10  -58.60
18 11 2 0   453.10  23.4  -8.300  3.30  -18.50
18 10 2 1   423.00  72.0 -24.100 11.90  -50.00
18 10 2 0   498.00  19.6  -7.300  2.80  -16.00
18  9 2 1   479.00  60.8 -20.200  9.30  -41.70
18  9 2 0   545.00  19.4  -6.800  2.80  -15.30
18  8 2 1   539.00  49.5 -16.300  6.90  -33.40
18  8 2 0   594.00  19.2  -6.400  2.80  -14.60
18  7 2 1   618.00  38.3 -12.400  4.80  -25.10
18  7 2 0   644.00  18.9  -5.900  2.80  -14.00
18  6 2 1   686.00  27.0  -8.500  3.00  -16.80
18  6 2 0   713.00  18.7  -5.400  2.80  -13.30
18  5 2 1   755.00  14.0  -4.600  1.40   -8.50
18  5 2 0   784.00  18.5  -5.000  2.80  -12.60
18  4 2 0   855.00  18.4  -4.600  2.70  -12.00
18  4 1 0  3885.00  23.1  -7.300  4.10  -18.00
18  3 2 0   918.00   9.6  -2.800  1.40   -6.20
18  3 1 0  3951.00  23.1  -7.300  4.10  -18.00
18  2 1 0  4121.00  23.7  -7.800  3.90  -19.50
18  1 1 0  4426.00  12.8  -4.400  1.90  -10.50
20 20 4 0     6.10   2.5  -2.500  8.00   -5.50
20 20 3 1    28.00  74.3 -24.200  7.00  -63.00
20 20 3 0    40.30  17.6  -3.800  1.90  -13.80
20 19 4 0    11.90   7.9  -2.000  0.20   -6.00
20 19 3 1    37.00  74.3 -24.200  7.00  -68.00
20 19 3 0    45.20  17.6  -3.800  1.90  -13.80
20 18 3 1    51.20  74.3 -24.200  7.00  -63.00
20 18 3 0    70.10  17.6  -3.800  1.90  -13.80
20 17 3 1    67.30  55.8 -15.800  6.40  -44.50
20 17 3 0    86.40  16.2  -3.200  1.80  -11.60
20 16 3 1    84.50  47.1 -14.500  4.80  -35.50
20 16 3 0   104.00  18.9  -5.100  1.60  -13.20
20 15 3 1   109.00  40.9 -13.600  3.40  -30.10
20 15 3 0   123.00  20.4  -6.300  2.10  -13.80
20 14 3 1   128.00  22.9  -7.400  2.80  -15.90
20 14 3 0   144.00  21.9  -7.700  1.90  -14.90
20 13 3 1   148.00  11.1  -3.400  1.30   -7.30
20 13 3 0   165.00  22.7  -8.600  1.90  -15.50
20 12 3 0   189.00  19.8  -5.700  1.80  -11.90
20 12 2 1   534.00  76.1 -27.000 12.80  -56.60
20 12 2 0   593.10  23.5  -8.400  3.30  -17.80
20 11 3 0   211.00   9.0  -2.600  0.90   -5.40
20 11 2 1   559.00  76.1 -27.000 12.80  -56.60
20 11 2 0   623.70  23.5  -8.400  3.30  -17.80
20 10 2 1   592.00  72.0 -24.100 10.30  -50.00
20 10 2 0   680.00  19.5  -7.800  2.80  -14.50
20  9 2 1   657.00  60.8 -20.200  8.10  -41.70
20  9 2 0   734.00  19.4  -7.300  2.80  -14.10
20  8 2 1   727.00  49.5 -16.300  6.10  -33.40
20  8 2 0   790.00  19.2  -6.800  2.80  -13.70
20  7 2 1   818.00  38.3 -12.400  4.30  -25.10
20  7 2 0   847.00  19.0  -6.300  2.80  -13.20
20  6 2 1   894.00  27.0  -8.500  2.70  -16.80
20  6 2 0   925.00  18.9  -5.800  2.80  -12.80
20  5 2 1   974.00  14.0  -4.600  1.30   -8.50
20  5 2 0  1006.00  18.7  -5.300  2.80  -12.40
20  4 2 0  1087.00  18.6  -4.600  2.70  -12.10
20  4 1 0  4865.00  23.4  -7.400  4.10  -18.00
20  3 2 0  1157.00   9.5  -2.700  1.40   -6.10
20  3 1 0  4939.00  23.4  -7.400  4.10  -18.00
20  2 1 0  5129.00  24.0  -7.900  3.90  -19.60
20  1 1 0  5470.00  12.9  -4.400  1.90  -10.50
26 26 4 0     7.90  31.9  -15.00  0.32  -28.10
26 26 3 2     9.00  15.0 -16.700  7.00  -12.70
26 26 3 1    59.00 115.0 -72.400  9.57 -107.00 
26 25 4 0    16.18  17.4  -3.270  0.16  -10.20
26 25 3 2    24.83  30.1 -38.800 18.60  -45.70
26 25 3 1    83.37 115.0 -72.400  9.57 -107.00 
26 24 3 2    34.75  84.8 -67.600 21.00  -84.10
26 24 3 1    93.28  87.7 -49.600 16.40  -84.80
26 24 3 0   131.90  25.9 -11.700  2.32  -23.90
26 23 3 2    53.74  77.4 -43.900 19.60  -81.90
26 23 3 1   111.90  79.1 -30.000  8.38  -74.60
26 23 3 0   151.00  16.7  -3.440  2.32  -15.10
26 22 3 2    75.15  48.1 -20.400 16.20  -48.40
26 22 3 1   132.70  66.8 -18.900  9.29  -60.50
26 22 3 0   172.40  13.4  -0.410  2.33  -10.90
26 21 3 2    98.69  36.9 -11.800 10.30  -31.50
26 21 3 1   155.50  67.0 -18.600  9.43  -56.50
26 21 3 0   195.80  12.7  -0.086  2.42   -8.97
26 20 3 2   124.20  14.6  -4.360  5.98  -10.50
26 20 3 1   180.00  67.9 -20.600  9.82  -53.70
26 20 3 0   220.90  15.6  -2.290  2.30  -10.60
26 19 3 2   151.70  14.3  -4.440  2.45   -9.53
26 19 3 1   213.00  69.9 -23.700  9.50  -51.70
26 19 3 0   249.00  19.2  -5.700  2.30  -12.70
26 18 3 1   235.00  69.9 -23.700  9.50  -51.70
26 18 3 0   271.00  19.2  -5.700  2.30  -12.70
26 17 3 1   262.00  57.7 -18.600  7.80  -40.30
26 17 3 0   297.00  21.0  -7.100  2.30  -14.10
26 16 3 1   290.00  45.6 -13.900  6.20  -30.00
26 16 3 0   324.00  22.8  -8.400  2.30  -15.40
26 15 3 1   331.00  39.2  -9.700  4.40  -20.80
26 15 3 0   356.00  24.6  -9.800  2.30  -16.80
26 14 3 1   361.00  21.3  -5.900  3.00  -12.60
26 14 3 0   388.00  26.4 -11.200  2.30  -18.10
26 13 3 1   392.00   9.1  -2.600  1.40   -5.60
26 13 3 0   421.00  28.2 -12.500  2.30  -19.40
26 12 3 0   457.00  19.8  -5.700  2.10  -11.90
26 12 2 1  1185.00  78.9 -27.000 10.60  -52.80
26 12 2 0  1254.30  23.5  -7.800  3.30  -16.50
26 11 3 0   490.00   9.0  -2.600  1.00   -5.40
26 11 2 1  1223.00  78.9 -27.000 10.60  -52.80
26 11 2 0  1298.60  23.5  -7.800  3.30  -16.50
26 10 2 1  1265.00  82.2 -26.400  6.10  -49.80
26 10 2 0  1397.00  19.2  -5.500  2.80  -12.30
26  9 2 1  1358.00  68.5 -22.000  5.10  -41.50
26  9 2 0  1471.00  19.2  -5.500  2.80  -12.30
26  8 2 1  1456.00  54.8 -17.600  4.10  -33.20
26  8 2 0  1548.00  19.2  -5.500  2.80  -12.30
26  7 2 1  1582.00  41.1 -13.200  3.10  -24.90
26  7 2 0  1622.00  19.2  -5.500  2.80  -12.30
26  6 2 1  1689.00  27.4  -8.800  2.00  -16.60
26  6 2 0  1731.00  19.2  -5.500  2.80  -12.30
26  5 2 1  1799.00  13.7  -4.400  1.00   -8.30
26  5 2 0  1842.00  19.2  -5.500  2.80  -12.30
26  4 2 0  1950.00  19.2  -5.300  2.70  -12.30
26  4 1 0  8482.00  24.1  -7.900  4.10  -18.00
26  3 2 0  2045.00   9.3  -2.600  1.40   -5.80
26  3 1 0  8580.00  24.1  -7.900  4.10  -18.00
26  2 1 0  8828.00  24.8  -8.400  3.80  -20.00
26  1 1 0  9278.00  13.0  -4.500  1.90  -10.60
27 27 4 0     7.88   3.9  -1.300  0.40   -1.90
27 27 3 2     9.00  11.1  -3.500  0.35   -5.35
27 27 3 1    59.00  69.9 -23.700  9.50  -51.70
27 26 3 2    17.10  28.8  -8.800  0.90  -13.60
27 26 3 1    84.00  69.9 -23.700  9.50  -51.70
27 26 3 0   142.00  19.2  -5.700  2.30  -12.70
27 25 3 2    33.50  38.6 -12.300  1.20  -18.70
27 25 3 1   103.00  69.9 -23.700  9.50  -51.70
27 25 3 0   141.00  19.2  -5.700  2.30  -12.70
28 28 4 0     8.70   2.5  -0.800  0.20   -1.20
28 28 3 2    10.00  12.6  -4.000  0.40   -6.10
28 28 3 1    73.00  69.9 -23.700  9.50  -51.70
28 27 3 2    18.20  32.0 -10.000  1.00  -15.40
28 27 3 1    97.00  69.9 -23.700  9.50  -51.70
28 27 3 0   142.00  19.2  -5.700  2.30  -12.70
28 26 3 2    35.20  44.4 -14.100  1.40  -21.50
28 26 3 1   122.00  69.9 -23.700  9.50  -51.70
28 26 3 0   166.00  19.2  -5.700  2.30  -12.70
28 25 3 2    54.90  50.3 -16.000  1.60  -24.30
28 25 3 1   146.00  69.9 -23.700  9.50  -51.70
28 25 3 0   190.00  19.2  -5.700  2.30  -12.70
28 24 3 2    75.50  49.9 -15.900  1.60  -24.10
28 24 3 1   171.00  69.9 -23.700  9.50  -51.70
28 24 3 0   215.00  19.2  -5.700  2.30  -12.70
28 23 3 2   108.00  50.8 -16.100  1.60  -24.60
28 23 3 1   196.00  69.9 -23.700  9.50  -51.70
28 23 3 0   239.00  19.2  -5.700  2.30  -12.70
28 22 3 2   133.00  43.2 -13.700  1.30  -20.90
28 22 3 1   221.00  69.9 -23.700  9.50  -51.70
28 22 3 0   264.00  19.2  -5.700  2.30  -12.70
28 21 3 2   162.00  34.5 -10.900  1.10  -16.70
28 21 3 1   246.00  69.9 -23.700  9.50  -51.70
28 21 3 0   288.00  19.2  -5.700  2.30  -12.70
28 20 3 2   193.00  24.1  -7.700  0.70  -11.70
28 20 3 1   271.00  69.9 -23.700  9.50  -51.70
28 20 3 0   313.00  19.2  -5.700  2.30  -12.70
28 19 3 2   225.00  12.5  -4.000  0.40   -6.00
28 19 3 1   296.00  69.9 -23.700  9.50  -51.70
28 19 3 0   338.00  19.2  -5.700  2.30  -12.70
28 18 3 1   321.00  69.9 -23.700  9.50  -51.70
28 18 3 0   363.00  19.2  -5.700  2.30  -12.70
28 17 3 1   352.00  57.7 -18.600  7.80  -40.30
28 17 3 0   393.00  21.0  -7.100  2.30  -14.10
28 16 3 1   384.00  45.6 -13.900  6.20  -30.00
28 16 3 0   423.00  22.8  -8.400  2.30  -15.40
28 15 3 1   430.00  33.4  -9.700  4.60  -20.80
28 15 3 0   458.00  24.6  -9.800  2.30  -16.80
28 14 3 1   464.00  21.3  -5.900  3.00  -12.60
28 14 3 0   494.00  26.4 -11.200  2.30  -18.10
28 13 3 1   499.00   9.1  -2.600  1.40   -5.60
28 13 3 0   531.00  28.2 -12.500  2.30  -19.40
28 12 3 0   571.00  19.8  -5.700  2.20  -11.90
28 12 2 1  1458.00  79.6 -27.000 10.10  -51.90
28 12 2 0  1529.10  23.5  -7.800  3.30  -16.20
28 11 3 0   608.00   9.0  -2.600  1.00   -5.40
28 11 2 1  1500.00  79.6 -27.000 10.10  -51.90
28 11 2 0  1578.00  23.5  -7.800  3.30  -16.20
28 10 2 1  1546.00  82.2 -26.400  5.90  -49.80
28 10 2 0  1694.00  19.4  -5.700  2.80  -12.30
28  9 2 1  1648.00  68.5 -22.000  4.90  -41.50
28  9 2 0  1775.00  19.4  -5.700  2.80  -12.30
28  8 2 1  1756.00  54.8 -17.600  3.90  -33.20
28  8 2 0  1858.00  19.4  -5.700  2.80  -12.30
28  7 2 1  1894.00  41.1 -13.200  2.90  -24.90
28  7 2 0  1938.00  19.4  -5.700  2.80  -12.30
28  6 2 1  2011.00  27.4  -8.800  2.00  -16.60
28  6 2 0  2056.00  19.4  -5.700  2.80  -12.30
28  5 2 1  2131.00  13.7  -4.400  1.00   -8.30
28  5 2 0  2178.00  19.4  -5.700  2.80  -12.30
28  4 2 0  2295.00  19.3  -5.400  2.70  -12.30
28  4 1 0  9914.00  24.3  -8.000  4.10  -18.00
28  3 2 0  2399.00   9.2  -2.600  1.40   -5.70
28  3 1 0 10020.00  24.3  -8.000  4.10  -18.00
28  2 1 0 10280.00  25.0  -8.500  3.70  -20.10
28  1 1 0 10790.00  13.0  -4.500  1.90  -10.60