28  108
#Z  K  L1  L2  L3  M1  M2  M3  M4  M5  N1  N2  N3  N4  N5  N6  N7  O1  O2  O3  O4  O5  O6  O7  P1  P2  P3  P4  Q1
1  1  0  0  0  0  0  0  0  0  0  0  0  0  0  0  0  0  0  0  0  0  0  0  0  0  0  0  0
2  2  0  0  0  0  0  0  0  0  0  0  0  0  0  0  0  0  0  0  0  0  0  0  0  0  0  0  0
3  2  1  0  0  0  0  0  0  0  0  0  0  0  0  0  0  0  0  0  0  0  0  0  0  0  0  0  0
4  2  2  0  0  0  0  0  0  0  0  0  0  0  0  0  0  0  0  0  0  0  0  0  0  0  0  0  0
5  2  2  1  0  0  0  0  0  0  0  0  0  0  0  0  0  0  0  0  0  0  0  0  0  0  0  0  0
6  2  2  2  0  0  0  0  0  0  0  0  0  0  0  0  0  0  0  0  0  0  0  0  0  0  0  0  0
7  2  2  2  1  0  0  0  0  0  0  0  0  0  0  0  0  0  0  0  0  0  0  0  0  0  0  0  0
8  2  2  2  2  0  0  0  0  0  0  0  0  0  0  0  0  0  0  0  0  0  0  0  0  0  0  0  0
9  2  2  2  3  0  0  0  0  0  0  0  0  0  0  0  0  0  0  0  0  0  0  0  0  0  0  0  0
10  2  2  2  4  0  0  0  0  0  0  0  0  0  0  0  0  0  0  0  0  0  0  0  0  0  0  0  0
11  2  2  2  4  1  0  0  0  0  0  0  0  0  0  0  0  0  0  0  0  0  0  0  0  0  0  0  0
12  2  2  2  4  2  0  0  0  0  0  0  0  0  0  0  0  0  0  0  0  0  0  0  0  0  0  0  0
13  2  2  2  4  2  1  0  0  0  0  0  0  0  0  0  0  0  0  0  0  0  0  0  0  0  0  0  0
14  2  2  2  4  2  2  0  0  0  0  0  0  0  0  0  0  0  0  0  0  0  0  0  0  0  0  0  0
15  2  2  2  4  2  2  1  0  0  0  0  0  0  0  0  0  0  0  0  0  0  0  0  0  0  0  0  0
16  2  2  2  4  2  2  2  0  0  0  0  0  0  0  0  0  0  0  0  0  0  0  0  0  0  0  0  0
17  2  2  2  4  2  2  3  0  0  0  0  0  0  0  0  0  0  0  0  0  0  0  0  0  0  0  0  0
18  2  2  2  4  2  2  4  0  0  0  0  0  0  0  0  0  0  0  0  0  0  0  0  0  0  0  0  0
19  2  2  2  4  2  2  4  0  0  1  0  0  0  0  0  0  0  0  0  0  0  0  0  0  0  0  0  0
20  2  2  2  4  2  2  4  0  0  2  0  0  0  0  0  0  0  0  0  0  0  0  0  0  0  0  0  0
21  2  2  2  4  2  2  4  1  0  2  0  0  0  0  0  0  0  0  0  0  0  0  0  0  0  0  0  0
22  2  2  2  4  2  2  4  2  0  2  0  0  0  0  0  0  0  0  0  0  0  0  0  0  0  0  0  0
23  2  2  2  4  2  2  4  3  0  2  0  0  0  0  0  0  0  0  0  0  0  0  0  0  0  0  0  0
24  2  2  2  4  2  2  4  4  1  1  0  0  0  0  0  0  0  0  0  0  0  0  0  0  0  0  0  0
25  2  2  2  4  2  2  4  4  1  2  0  0  0  0  0  0  0  0  0  0  0  0  0  0  0  0  0  0
26  2  2  2  4  2  2  4  4  2  2  0  0  0  0  0  0  0  0  0  0  0  0  0  0  0  0  0  0
27  2  2  2  4  2  2  4  4  3  2  0  0  0  0  0  0  0  0  0  0  0  0  0  0  0  0  0  0
28  2  2  2  4  2  2  4  4  4  2  0  0  0  0  0  0  0  0  0  0  0  0  0  0  0  0  0  0
29  2  2  2  4  2  2  4  4  6  1  0  0  0  0  0  0  0  0  0  0  0  0  0  0  0  0  0  0
30  2  2  2  4  2  2  4  4  6  2  0  0  0  0  0  0  0  0  0  0  0  0  0  0  0  0  0  0
31  2  2  2  4  2  2  4  4  6  2  1  0  0  0  0  0  0  0  0  0  0  0  0  0  0  0  0  0
32  2  2  2  4  2  2  4  4  6  2  2  0  0  0  0  0  0  0  0  0  0  0  0  0  0  0  0  0
33  2  2  2  4  2  2  4  4  6  2  2  1  0  0  0  0  0  0  0  0  0  0  0  0  0  0  0  0
34  2  2  2  4  2  2  4  4  6  2  2  2  0  0  0  0  0  0  0  0  0  0  0  0  0  0  0  0
35  2  2  2  4  2  2  4  4  6  2  2  3  0  0  0  0  0  0  0  0  0  0  0  0  0  0  0  0
36  2  2  2  4  2  2  4  4  6  2  2  4  0  0  0  0  0  0  0  0  0  0  0  0  0  0  0  0
37  2  2  2  4  2  2  4  4  6  2  2  4  0  0  0  0  1  0  0  0  0  0  0  0  0  0  0  0
38  2  2  2  4  2  2  4  4  6  2  2  4  0  0  0  0  2  0  0  0  0  0  0  0  0  0  0  0
39  2  2  2  4  2  2  4  4  6  2  2  4  1  0  0  0  2  0  0  0  0  0  0  0  0  0  0  0
40  2  2  2  4  2  2  4  4  6  2  2  4  2  0  0  0  2  0  0  0  0  0  0  0  0  0  0  0
41  2  2  2  4  2  2  4  4  6  2  2  4  4  0  0  0  1  0  0  0  0  0  0  0  0  0  0  0
42  2  2  2  4  2  2  4  4  6  2  2  4  4  1  0  0  1  0  0  0  0  0  0  0  0  0  0  0
43  2  2  2  4  2  2  4  4  6  2  2  4  4  1  0  0  2  0  0  0  0  0  0  0  0  0  0  0
44  2  2  2  4  2  2  4  4  6  2  2  4  4  3  0  0  1  0  0  0  0  0  0  0  0  0  0  0
45  2  2  2  4  2  2  4  4  6  2  2  4  4  4  0  0  1  0  0  0  0  0  0  0  0  0  0  0
46  2  2  2  4  2  2  4  4  6  2  2  4  4  6  0  0  0  0  0  0  0  0  0  0  0  0  0  0
47  2  2  2  4  2  2  4  4  6  2  2  4  4  6  0  0  1  0  0  0  0  0  0  0  0  0  0  0
48  2  2  2  4  2  2  4  4  6  2  2  4  4  6  0  0  2  0  0  0  0  0  0  0  0  0  0  0
49  2  2  2  4  2  2  4  4  6  2  2  4  4  6  0  0  2  1  0  0  0  0  0  0  0  0  0  0
50  2  2  2  4  2  2  4  4  6  2  2  4  4  6  0  0  2  2  0  0  0  0  0  0  0  0  0  0
51  2  2  2  4  2  2  4  4  6  2  2  4  4  6  0  0  2  2  1  0  0  0  0  0  0  0  0  0
52  2  2  2  4  2  2  4  4  6  2  2  4  4  6  0  0  2  2  2  0  0  0  0  0  0  0  0  0
53  2  2  2  4  2  2  4  4  6  2  2  4  4  6  0  0  2  2  3  0  0  0  0  0  0  0  0  0
54  2  2  2  4  2  2  4  4  6  2  2  4  4  6  0  0  2  2  4  0  0  0  0  0  0  0  0  0
55  2  2  2  4  2  2  4  4  6  2  2  4  4  6  0  0  2  2  4  0  0  0  0  1  0  0  0  0
56  2  2  2  4  2  2  4  4  6  2  2  4  4  6  0  0  2  2  4  0  0  0  0  2  0  0  0  0
57  2  2  2  4  2  2  4  4  6  2  2  4  4  6  0  0  2  2  4  1  0  0  0  2  0  0  0  0
58  2  2  2  4  2  2  4  4  6  2  2  4  4  6  1  0  2  2  4  1  0  0  0  2  0  0  0  0
59  2  2  2  4  2  2  4  4  6  2  2  4  4  6  3  0  2  2  4  0  0  0  0  2  0  0  0  0
60  2  2  2  4  2  2  4  4  6  2  2  4  4  6  4  0  2  2  4  0  0  0  0  2  0  0  0  0
61  2  2  2  4  2  2  4  4  6  2  2  4  4  6  5  0  2  2  4  0  0  0  0  2  0  0  0  0
62  2  2  2  4  2  2  4  4  6  2  2  4  4  6  6  0  2  2  4  0  0  0  0  2  0  0  0  0
63  2  2  2  4  2  2  4  4  6  2  2  4  4  6  6  1  2  2  4  0  0  0  0  2  0  0  0  0
64  2  2  2  4  2  2  4  4  6  2  2  4  4  6  6  1  2  2  4  1  0  0  0  2  0  0  0  0
65  2  2  2  4  2  2  4  4  6  2  2  4  4  6  6  3  2  2  4  0  0  0  0  2  0  0  0  0
66  2  2  2  4  2  2  4  4  6  2  2  4  4  6  6  4  2  2  4  0  0  0  0  2  0  0  0  0
67  2  2  2  4  2  2  4  4  6  2  2  4  4  6  6  5  2  2  4  0  0  0  0  2  0  0  0  0
68  2  2  2  4  2  2  4  4  6  2  2  4  4  6  6  6  2  2  4  0  0  0  0  2  0  0  0  0
69  2  2  2  4  2  2  4  4  6  2  2  4  4  6  6  7  2  2  4  0  0  0  0  2  0  0  0  0
70  2  2  2  4  2  2  4  4  6  2  2  4  4  6  6  8  2  2  4  0  0  0  0  2  0  0  0  0
71  2  2  2  4  2  2  4  4  6  2  2  4  4  6  6  8  2  2  4  1  0  0  0  2  0  0  0  0
72  2  2  2  4  2  2  4  4  6  2  2  4  4  6  6  8  2  2  4  2  0  0  0  2  0  0  0  0
73  2  2  2  4  2  2  4  4  6  2  2  4  4  6  6  8  2  2  4  3  0  0  0  2  0  0  0  0
74  2  2  2  4  2  2  4  4  6  2  2  4  4  6  6  8  2  2  4  4  0  0  0  2  0  0  0  0
75  2  2  2  4  2  2  4  4  6  2  2  4  4  6  6  8  2  2  4  4  1  0  0  2  0  0  0  0
76  2  2  2  4  2  2  4  4  6  2  2  4  4  6  6  8  2  2  4  4  2  0  0  2  0  0  0  0
77  2  2  2  4  2  2  4  4  6  2  2  4  4  6  6  8  2  2  4  4  3  0  0  2  0  0  0  0
78  2  2  2  4  2  2  4  4  6  2  2  4  4  6  6  8  2  2  4  4  5  0  0  1  0  0  0  0
79  2  2  2  4  2  2  4  4  6  2  2  4  4  6  6  8  2  2  4  4  6  0  0  1  0  0  0  0
80  2  2  2  4  2  2  4  4  6  2  2  4  4  6  6  8  2  2  4  4  6  0  0  2  0  0  0  0
81  2  2  2  4  2  2  4  4  6  2  2  4  4  6  6  8  2  2  4  4  6  0  0  2  1  0  0  0
82  2  2  2  4  2  2  4  4  6  2  2  4  4  6  6  8  2  2  4  4  6  0  0  2  2  0  0  0
83  2  2  2  4  2  2  4  4  6  2  2  4  4  6  6  8  2  2  4  4  6  0  0  2  2  1  0  0
84  2  2  2  4  2  2  4  4  6  2  2  4  4  6  6  8  2  2  4  4  6  0  0  2  2  2  0  0
85  2  2  2  4  2  2  4  4  6  2  2  4  4  6  6  8  2  2  4  4  6  0  0  2  2  3  0  0
86  2  2  2  4  2  2  4  4  6  2  2  4  4  6  6  8  2  2  4  4  6  0  0  2  2  4  0  0
87  2  2  2  4  2  2  4  4  6  2  2  4  4  6  6  8  2  2  4  4  6  0  0  2  2  4  0  1
88  2  2  2  4  2  2  4  4  6  2  2  4  4  6  6  8  2  2  4  4  6  0  0  2  2  4  0  2
89  2  2  2  4  2  2  4  4  6  2  2  4  4  6  6  8  2  2  4  4  6  0  0  2  2  4  1  2
90  2  2  2  4  2  2  4  4  6  2  2  4  4  6  6  8  2  2  4  4  6  0  0  2  2  4  2  2
91  2  2  2  4  2  2  4  4  6  2  2  4  4  6  6  8  2  2  4  4  6  2  0  2  2  4  1  2
92  2  2  2  4  2  2  4  4  6  2  2  4  4  6  6  8  2  2  4  4  6  3  0  2  2  4  1  2
93  2  2  2  4  2  2  4  4  6  2  2  4  4  6  6  8  2  2  4  4  6  4  0  2  2  4  1  2
94  2  2  2  4  2  2  4  4  6  2  2  4  4  6  6  8  2  2  4  4  6  6  0  2  2  4  0  2
95  2  2  2  4  2  2  4  4  6  2  2  4  4  6  6  8  2  2  4  4  6  6  1  2  2  4  0  2
96  2  2  2  4  2  2  4  4  6  2  2  4  4  6  6  8  2  2  4  4  6  6  1  2  2  4  1  2
97  2  2  2  4  2  2  4  4  6  2  2  4  4  6  6  8  2  2  4  4  6  6  3  2  2  4  0  2
98  2  2  2  4  2  2  4  4  6  2  2  4  4  6  6  8  2  2  4  4  6  6  4  2  2  4  0  2
99  2  2  2  4  2  2  4  4  6  2  2  4  4  6  6  8  2  2  4  4  6  6  5  2  2  4  0  2
100  2  2  2  4  2  2  4  4  6  2  2  4  4  6  6  8  2  2  4  4  6  6  6  2  2  4  0  2
101  2  2  2  4  2  2  4  4  6  2  2  4  4  6  6  8  2  2  4  4  6  6  7  2  2  4  0  2
102  2  2  2  4  2  2  4  4  6  2  2  4  4  6  6  8  2  2  4  4  6  6  8  2  2  4  0  2
103  2  2  2  4  2  2  4  4  6  2  2  4  4  6  6  8  2  2  4  4  6  6  8  2  2  4  1  2
104  2  2  2  4  2  2  4  4  6  2  2  4  4  6  6  8  2  2  4  4  6  6  8  2  2  4  2  2
105  2  2  2  4  2  2  4  4  6  2  2  4  4  6  6  8  2  2  4  4  6  6  8  2  2  4  3  2
106  2  2  2  4  2  2  4  4  6  2  2  4  4  6  6  8  2  2  4  4  6  6  8  2  2  4  4  2
107  2  2  2  4  2  2  4  4  6  2  2  4  4  6  6  8  2  2  4  4  6  6  8  2  2  4  5  2
108  2  2  2  4  2  2  4  4  6  2  2  4  4  6  6  8  2  2  4  4  6  6  8  2  2  4  6  2
